cpu  4652904 1180897 4680187 18590726 64141 583437 412435 0 0 0
cpu0 1435485 253933 1493541 16526869 62901 270631 205413 0 0 0
cpu1 1103505 288470 1095783 250108 457 97264 71120 0 0 0
cpu2 870606 303111 917575 250270 391 73997 65532 0 0 0
cpu3 872484 242595 920851 247071 326 78372 65602 0 0 0
cpu4 113105 26994 79110 328979 14 6294 1212 0 0 0
cpu5 96632 24983 65192 329205 15 2778 1140 0 0 0
cpu6 84135 21567 55928 329153 16 51506 1463 0 0 0
cpu7 76952 19244 52207 329071 21 2595 953 0 0 0
intr 324496875 0 0 0 72185878 0 7743753 8 4 4 0 0 1366 0 0 0 0 689302 0 0 117 0 0 0 0 0 0 221 0 0 0 0 0 4 0 410064 105865 11 11 0 71427 0 0 0 0 0 0 24 2560 0 118254 4519874 1560243 13827757 11 316030 48620 5692608 0 0 152 0 0 0 0 1 0 0 0 0 0 0 0 0 0 0 0 0 0 0 0 0 0 0 0 0 0 0 0 0 0 0 0 0 0 0 0 0 0 0 0 0 0 0 0 0 0 0 0 0 0 0 2 55787 30 329720 494669 271195 0 0 0 0 0 307415 289 0 0 0 0 0 89 321212 0 0 0 0 0 0 0 0 0 0 0 0 0 0 0 0 0 0 0 0 0 0 0 0 0 0 0 0 0 0 0 0 0 0 0 0 0 0 0 0 0 0 0 0 0 0 0 0 0 0 0 0 1 0 1 284 1 15 1 5464 746 18121 3 150305 222291 0 0 449801 0 0 3607106 0 0 0 0 0 0 0 0 0 0 0 0 11202 0 0 0 0 0 0 0 0 0 0 18 0 0 0 0 0 0 0 0 0 0 0 0 0 0 0 0 0 0 0 0 0 0 0 793 0 0 0 0 0 0 0 4168 0 0 0 0 0 0 0 0 0 0 0 0 0 0 0 0 0 0 0 0 0 0 0 0 0 0 0 0 0 0 0 0 0 0 0 0 0 2480 0 0 0 17436 0 0 0 0 0 0 0 0 0 0 0 0 0 0 0 0 0 0 0 0 0 0 0 0 18980 0 0 0 84639 0 0 0 0 0 0 0 0 0 0 0 0 0 0 0 0 0 0 0 0 0 0 0 0 0 0 0 5538012 10851 40 1103160 0 12487 169853 0 0 0 0 87 0 87 0 0 0 0 0 0 0 0 0 0 0 0 0 0 0 0 0 0 0 0 0 0 0 0 0 0 0 0 0 0 0 0 0 0 0 0 0 0 0 0 0 0 0 0 0 0 0 0 0 0 0 0 0 0 0 0 0 0 0 0 0 0 0 0 0 0 0 0 0 0 0 0 0 0 0 0 0 0 0 0 0 0 0 0 0 0 0 0 0 0 0 0 0 0 0 0 0 0 0 0 0 0 0 0 0 0 0 0 0 0 0 0 0 0 0 0 0 0 0 0 0 0 0 0 0 0 0 0 1 0 0 1555 0 681 0 0 0 0 0 0 0 0 0 0 0 0 0 1446 59 59 0 77 44 2842 77 0 0 0 0 0 0 0 0 0 11 1618 11108 245128 0 532 1 2 2 0 0 0 0 0 0 0 0 0 0 0 0 0 0 0 0 0 0 0 0 0 0 0 0 0 0 0 0 0 0 1 1 0 0 0 0 0 0 0 0 0 0 0 0 0 0 0 0 0 0 0 0 0 0 0 0 0 0 0 0 0 0 1 1 0 0 0 0 0 0 0 0 0 0 0 0 0 0 0 0 0 0 0 0 0 0 0 0 0 0 0 0 0 0 0 0 0 0 0 0 0 0 0 0 0 0 0 0 0 0 0 0 0 0 0 0 0 0 0 0 0 0 0 0 0 0 0 0 0 0 0 0 0 0 0 0 0 0 0 0 0 0 0 0 0 0 0 0 0 0 0 0 0 0 0 0 0 0 0 0 0 0 0 0 0 0 0 0 0 0 0 0 0 0 0 0 0 0 0 0 0 0 0 0 0 0 0 0 0 835660 0 95 0 3 342 0 0 0 16 0 0 0 0 320 651001 4 0 13 18 207 46 2121 0 0 0 0 0 0 0 10 0 5 0 0 0 0 0 0 0 0 0 2032 0 0 0 0 0 0 0 0 0 0
ctxt 536508201
btime 1543839747
processes 186859
procs_running 4
procs_blocked 0
softirq 85160889 20094933 22167278 272941 665120 4706825 152425 1340148 20048150 0 15713069
