cpu  5050491 1260313 4996107 24839143 72140 619777 434602 0 0 0
cpu0 1557870 271438 1573050 17159188 64250 290127 212395 0 0 0
cpu1 1192258 310000 1168253 935312 2518 102458 75046 0 0 0
cpu2 950935 319349 987543 949216 1936 79210 69970 0 0 0
cpu3 954258 257506 992840 939650 1616 84210 71906 0 0 0
cpu4 120953 29819 86030 1209824 563 6294 1504 0 0 0
cpu5 102872 27554 70947 1213245 480 3377 1363 0 0 0
cpu6 89654 23593 60947 1215482 417 51506 1465 0 0 0
cpu7 81691 21054 56497 1217226 360 2595 953 0 0 0
intr 347756948 0 0 0 77406576 0 7985318 8 4 4 0 0 1372 0 0 0 0 721351 0 0 117 0 0 0 0 0 0 222 0 0 0 0 0 14 0 430653 111974 11 11 0 75740 0 0 0 0 0 0 24 2560 0 120370 4774137 1573455 14303767 11 316030 48620 6074018 0 0 152 0 0 0 0 1 0 0 0 0 0 0 0 0 0 0 0 0 0 0 0 0 0 0 0 0 0 0 0 0 0 0 0 0 0 0 0 0 0 0 0 0 0 0 0 0 0 0 0 0 0 0 2 59999 30 339989 513401 276596 0 0 0 0 0 314399 289 0 0 0 0 0 89 327413 0 0 0 0 0 0 0 0 0 0 0 0 0 0 0 0 0 0 0 0 0 0 0 0 0 0 0 0 0 0 0 0 0 0 0 0 0 0 0 0 0 0 0 0 0 0 0 0 0 0 0 0 1 0 1 371 1 15 1 5732 1474 19277 3 159050 251021 0 0 449801 0 0 4117973 0 0 0 0 0 0 0 0 0 0 0 0 11874 0 0 0 0 0 0 0 0 0 0 18 0 0 0 0 0 0 0 0 0 0 0 0 0 0 0 0 0 0 0 0 0 0 0 808 0 0 0 0 0 0 0 4300 0 0 0 0 0 0 0 0 0 0 0 0 0 0 0 0 0 0 0 0 0 0 0 0 0 0 0 0 0 0 0 0 0 0 0 0 0 2634 0 0 0 18507 0 0 0 0 0 0 0 0 0 0 0 0 0 0 0 0 0 0 0 0 0 0 0 0 19266 0 0 0 85072 0 0 0 0 0 0 0 0 0 0 0 0 0 0 0 0 0 0 0 0 0 0 0 0 0 0 0 6230574 11033 40 1116765 0 13287 180716 0 0 0 0 87 0 87 0 0 0 0 0 0 0 0 0 0 0 0 0 0 0 0 0 0 0 0 0 0 0 0 0 0 0 0 0 0 0 0 0 0 0 0 0 0 0 0 0 0 0 0 0 0 0 0 0 0 0 0 0 0 0 0 0 0 0 0 0 0 0 0 0 0 0 0 0 0 0 0 0 0 0 0 0 0 0 0 0 0 0 0 0 0 0 0 0 0 0 0 0 0 0 0 0 0 0 0 0 0 0 0 0 0 0 0 0 0 0 0 0 0 0 0 0 0 0 0 0 0 0 0 0 0 0 0 1 0 0 1558 0 682 0 0 0 0 0 0 0 0 0 0 0 0 0 1484 59 59 0 77 44 2872 77 0 0 0 0 0 0 0 0 0 11 1674 11131 255059 0 532 1 2 2 0 0 0 0 0 0 0 0 0 0 0 0 0 0 0 0 0 0 0 0 0 0 0 0 0 0 0 0 0 0 1 1 0 0 0 0 0 0 0 0 0 0 0 0 0 0 0 0 0 0 0 0 0 0 0 0 0 0 0 0 0 0 1 1 0 0 0 0 0 0 0 0 0 0 0 0 0 0 0 0 0 0 0 0 0 0 0 0 0 0 0 0 0 0 0 0 0 0 0 0 0 0 0 0 0 0 0 0 0 0 0 0 0 0 0 0 0 0 0 0 0 0 0 0 0 0 0 0 0 0 0 0 0 0 0 0 0 0 0 0 0 0 0 0 0 0 0 0 0 0 0 0 0 0 0 0 0 0 0 0 0 0 0 0 0 0 0 0 0 0 0 0 0 0 0 0 0 0 0 0 0 0 0 0 0 0 0 0 0 913935 0 98 0 4 343 0 0 0 17 0 0 0 0 326 656391 4 0 13 20 217 46 2233 0 0 0 0 0 0 0 11 0 6 0 0 0 0 0 0 0 0 0 2050 0 0 0 0 0 0 0 0 0 0
ctxt 570727521
btime 1543839747
processes 192954
procs_running 1
procs_blocked 0
softirq 90411191 20839622 23650398 275643 682362 5043167 152425 1370737 21502412 0 16894425
