cpu  5044125 1259793 4990230 24681960 72041 619066 434187 0 0 0
cpu0 1556065 271296 1571426 17142162 64225 289741 212236 0 0 0
cpu1 1190715 309845 1166842 917423 2487 102366 74942 0 0 0
cpu2 949470 319218 986176 931334 1908 79083 69862 0 0 0
cpu3 952715 257415 991405 921804 1601 84104 71863 0 0 0
cpu4 120951 29819 86024 1188185 563 6294 1504 0 0 0
cpu5 102871 27554 70941 1191604 480 3377 1363 0 0 0
cpu6 89650 23592 60934 1193852 417 51506 1464 0 0 0
cpu7 81688 21054 56482 1195596 360 2595 953 0 0 0
intr 347449650 0 0 0 77349250 0 7981306 8 4 4 0 0 1372 0 0 0 0 720595 0 0 117 0 0 0 0 0 0 222 0 0 0 0 0 14 0 430653 111974 11 11 0 75726 0 0 0 0 0 0 24 2560 0 120332 4774137 1573455 14295977 11 316030 48620 6072042 0 0 152 0 0 0 0 1 0 0 0 0 0 0 0 0 0 0 0 0 0 0 0 0 0 0 0 0 0 0 0 0 0 0 0 0 0 0 0 0 0 0 0 0 0 0 0 0 0 0 0 0 0 0 2 59965 30 339985 512888 276450 0 0 0 0 0 314397 289 0 0 0 0 0 89 326873 0 0 0 0 0 0 0 0 0 0 0 0 0 0 0 0 0 0 0 0 0 0 0 0 0 0 0 0 0 0 0 0 0 0 0 0 0 0 0 0 0 0 0 0 0 0 0 0 0 0 0 0 1 0 1 371 1 15 1 5732 1474 19277 3 159050 251021 0 0 449801 0 0 4111230 0 0 0 0 0 0 0 0 0 0 0 0 11874 0 0 0 0 0 0 0 0 0 0 18 0 0 0 0 0 0 0 0 0 0 0 0 0 0 0 0 0 0 0 0 0 0 0 808 0 0 0 0 0 0 0 4300 0 0 0 0 0 0 0 0 0 0 0 0 0 0 0 0 0 0 0 0 0 0 0 0 0 0 0 0 0 0 0 0 0 0 0 0 0 2634 0 0 0 18507 0 0 0 0 0 0 0 0 0 0 0 0 0 0 0 0 0 0 0 0 0 0 0 0 19266 0 0 0 85072 0 0 0 0 0 0 0 0 0 0 0 0 0 0 0 0 0 0 0 0 0 0 0 0 0 0 0 6217311 11033 40 1116566 0 13287 180716 0 0 0 0 87 0 87 0 0 0 0 0 0 0 0 0 0 0 0 0 0 0 0 0 0 0 0 0 0 0 0 0 0 0 0 0 0 0 0 0 0 0 0 0 0 0 0 0 0 0 0 0 0 0 0 0 0 0 0 0 0 0 0 0 0 0 0 0 0 0 0 0 0 0 0 0 0 0 0 0 0 0 0 0 0 0 0 0 0 0 0 0 0 0 0 0 0 0 0 0 0 0 0 0 0 0 0 0 0 0 0 0 0 0 0 0 0 0 0 0 0 0 0 0 0 0 0 0 0 0 0 0 0 0 0 1 0 0 1558 0 682 0 0 0 0 0 0 0 0 0 0 0 0 0 1484 59 59 0 77 44 2872 77 0 0 0 0 0 0 0 0 0 11 1674 11131 255059 0 532 1 2 2 0 0 0 0 0 0 0 0 0 0 0 0 0 0 0 0 0 0 0 0 0 0 0 0 0 0 0 0 0 0 1 1 0 0 0 0 0 0 0 0 0 0 0 0 0 0 0 0 0 0 0 0 0 0 0 0 0 0 0 0 0 0 1 1 0 0 0 0 0 0 0 0 0 0 0 0 0 0 0 0 0 0 0 0 0 0 0 0 0 0 0 0 0 0 0 0 0 0 0 0 0 0 0 0 0 0 0 0 0 0 0 0 0 0 0 0 0 0 0 0 0 0 0 0 0 0 0 0 0 0 0 0 0 0 0 0 0 0 0 0 0 0 0 0 0 0 0 0 0 0 0 0 0 0 0 0 0 0 0 0 0 0 0 0 0 0 0 0 0 0 0 0 0 0 0 0 0 0 0 0 0 0 0 0 0 0 0 0 0 911123 0 98 0 4 343 0 0 0 17 0 0 0 0 326 656315 4 0 13 20 217 46 2233 0 0 0 0 0 0 0 11 0 6 0 0 0 0 0 0 0 0 0 2050 0 0 0 0 0 0 0 0 0 0
ctxt 570257783
btime 1543839747
processes 192872
procs_running 1
procs_blocked 0
softirq 90328656 20831822 23624333 275579 682356 5041687 152425 1370089 21476701 0 16873664
