cpu  4300603 448661 2394607 6971452 45160 576 272619 0 0 0
cpu0 544607 103074 237971 6569922 43867 100 5635 0 0 0
cpu1 242318 65567 90460 58415 92 16 3287 0 0 0
cpu2 138032 36362 59562 58979 59 9 1821 0 0 0
cpu3 26147 5269 14950 59302 84 1 819 0 0 0
cpu4 1397207 77118 817332 53511 454 175 136777 0 0 0
cpu5 1231379 66393 674173 56030 338 137 96958 0 0 0
cpu6 434127 53427 285209 56754 199 61 17031 0 0 0
cpu7 286786 41451 214950 58539 67 77 10291 0 0 0
intr 95757855 0 0 0 0 0 0 0 0 0 0 0 0 0 0 0 0 0 0 0 0 13422676 0 0 0 0 0 0 0 0 0 0 0 0 0 0 0 0 0 0 9245529 0 0 0 0 0 0 0 420 0 0 0 0 0 0 0 0 0 445048 8 5 0 3 0 0 0 1143528 0 0 0 0 0 0 0 0 0 0 77910 0 0 0 0 2655 3307 32 3 0 0 2680 0 8037 0 0 0 0 0 0 0 0 0 0 0 0 0 0 268747 0 0 0 0 0 1 0 0 0 0 0 0 0 0 0 0 0 0 0 0 0 0 0 3721921 0 1315129 374665 0 0 0 0 0 0 0 0 1 0 0 0 0 0 0 0 0 0 0 0 0 0 0 5084533 0 134628 0 0 0 0 0 0 0 0 1279155 0 0 0 17767 0 0 0 178643 5 0 1315414 1775449 0 0 0 0 0 0 0 0 0 0 0 0 0 0 0 0 0 0 0 0 0 3438585 0 0 6808 0 0 0 0 0 0 0 0 0 0 0 46999 6524 0 0 0 0 0 9720 0 0 0 0 0 0 0 0 0 0 0 0 0 0 0 0 0 78286 0 0 0 0 0 0 0 0 0 0 0 0 20714 0 0 0 0 0 0 0 0 0 0 0 0 0 0 0 0 0 0 0 0 0 0 0 0 0 0 0 0 0 0 0 0 0 0 0 0 0 0 0 0 0 0 0 0 0 0 0 0 0 0 0 0 0 0 0 0 0 0 0 0 0 0 0 0 0 0 0 0 0 0 0 0 0 0 0 0 0 0 0 0 0 0 0 0 0 0 0 0 0 0 0 0 0 0 0 0 0 0 474 0 4520 0 0 0 93 92 0 0 0 0 0 0 0 0 0 0 0 0 0 0 0 0 0 0 0 1 1 0 0 0 0 0 0 0 0 0 6037 72143 0 0 0 0 0 0 0 0 0 0 0 0 0 0 0 0 0 0 0 0 0 0 0 0 0 0 0 0 0 0 0 0 0 0 0 0 0 0 0 0 0 0 0 0 0 0 0 0 0 0 0 0 0 0 0 0 0 0 0 0 0 0 0 0 0 0 0 0 0 0 0 0 0 0 0 0 0 0 0 0 0 0 0 0 0 0 0 0 0 0 0 0 0 0 0 0 0 20 0 0 1 1 0 0 0 0 0 0 0 0 0 0 0 0 0 0 0 0 0 0 0 0 0 0 0 0 0 0 0 0 0 0 1 1 0 0 0 0 0 0 0 0 0 0 0 0 0 0 0 0 0 0 0 0 0 0 0 0 0 0 0 0 0 14 39
ctxt 321799677
btime 1545292475
processes 211545
procs_running 1
procs_blocked 0
softirq 47115587 62098 12211461 73206 476521 55538 55538 3906528 13826002 25006 16423689
