cpu  4643872 1173854 4672443 18354009 63964 582289 411503 0 0 0
cpu0 1432400 252610 1491268 16502191 62868 270154 204981 0 0 0
cpu1 1101149 286743 1093796 224165 406 97015 70980 0 0 0
cpu2 868846 301188 915923 223373 361 73803 65371 0 0 0
cpu3 870806 240617 919148 220440 266 78144 65404 0 0 0
cpu4 113041 26952 79063 295900 14 6294 1211 0 0 0
cpu5 96597 24963 65160 296054 15 2778 1140 0 0 0
cpu6 84110 21551 55896 295992 14 51506 1463 0 0 0
cpu7 76923 19230 52189 295894 20 2595 953 0 0 0
intr 323908252 0 0 0 72053150 0 7732885 8 4 4 0 0 1364 0 0 0 0 688143 0 0 117 0 0 0 0 0 0 221 0 0 0 0 0 4 0 409608 105749 11 11 0 71321 0 0 0 0 0 0 24 2560 0 118149 4517012 1560083 13784199 11 316030 48620 5687642 0 0 152 0 0 0 0 1 0 0 0 0 0 0 0 0 0 0 0 0 0 0 0 0 0 0 0 0 0 0 0 0 0 0 0 0 0 0 0 0 0 0 0 0 0 0 0 0 0 0 0 0 0 0 2 55683 30 329589 494010 271036 0 0 0 0 0 307336 289 0 0 0 0 0 89 321212 0 0 0 0 0 0 0 0 0 0 0 0 0 0 0 0 0 0 0 0 0 0 0 0 0 0 0 0 0 0 0 0 0 0 0 0 0 0 0 0 0 0 0 0 0 0 0 0 0 0 0 0 1 0 1 284 1 15 1 5464 746 18121 3 150305 222291 0 0 449801 0 0 3602064 0 0 0 0 0 0 0 0 0 0 0 0 11202 0 0 0 0 0 0 0 0 0 0 18 0 0 0 0 0 0 0 0 0 0 0 0 0 0 0 0 0 0 0 0 0 0 0 791 0 0 0 0 0 0 0 4163 0 0 0 0 0 0 0 0 0 0 0 0 0 0 0 0 0 0 0 0 0 0 0 0 0 0 0 0 0 0 0 0 0 0 0 0 0 2475 0 0 0 17436 0 0 0 0 0 0 0 0 0 0 0 0 0 0 0 0 0 0 0 0 0 0 0 0 18980 0 0 0 84576 0 0 0 0 0 0 0 0 0 0 0 0 0 0 0 0 0 0 0 0 0 0 0 0 0 0 0 5531503 10825 40 1102174 0 12461 169853 0 0 0 0 86 0 86 0 0 0 0 0 0 0 0 0 0 0 0 0 0 0 0 0 0 0 0 0 0 0 0 0 0 0 0 0 0 0 0 0 0 0 0 0 0 0 0 0 0 0 0 0 0 0 0 0 0 0 0 0 0 0 0 0 0 0 0 0 0 0 0 0 0 0 0 0 0 0 0 0 0 0 0 0 0 0 0 0 0 0 0 0 0 0 0 0 0 0 0 0 0 0 0 0 0 0 0 0 0 0 0 0 0 0 0 0 0 0 0 0 0 0 0 0 0 0 0 0 0 0 0 0 0 0 0 1 0 0 1555 0 681 0 0 0 0 0 0 0 0 0 0 0 0 0 1446 59 59 0 77 44 2841 77 0 0 0 0 0 0 0 0 0 11 1618 11108 245080 0 532 1 2 2 0 0 0 0 0 0 0 0 0 0 0 0 0 0 0 0 0 0 0 0 0 0 0 0 0 0 0 0 0 0 1 1 0 0 0 0 0 0 0 0 0 0 0 0 0 0 0 0 0 0 0 0 0 0 0 0 0 0 0 0 0 0 1 1 0 0 0 0 0 0 0 0 0 0 0 0 0 0 0 0 0 0 0 0 0 0 0 0 0 0 0 0 0 0 0 0 0 0 0 0 0 0 0 0 0 0 0 0 0 0 0 0 0 0 0 0 0 0 0 0 0 0 0 0 0 0 0 0 0 0 0 0 0 0 0 0 0 0 0 0 0 0 0 0 0 0 0 0 0 0 0 0 0 0 0 0 0 0 0 0 0 0 0 0 0 0 0 0 0 0 0 0 0 0 0 0 0 0 0 0 0 0 0 0 0 0 0 0 0 832216 0 95 0 3 340 0 0 0 16 0 0 0 0 320 650337 4 0 13 18 207 46 2119 0 0 0 0 0 0 0 10 0 5 0 0 0 0 0 0 0 0 0 2029 0 0 0 0 0 0 0 0 0 0
ctxt 535666082
btime 1543839747
processes 186715
procs_running 1
procs_blocked 0
softirq 84981135 20048420 22118683 272841 664910 4702924 152425 1339334 20001579 0 15680019
