cpu  5060943 1266773 5006635 25006439 72830 620631 435306 0 0 0
cpu0 1559842 273131 1575081 17176938 64337 290653 212750 0 0 0
cpu1 1194105 311820 1170100 954037 2631 102568 75153 0 0 0
cpu2 952756 320299 989406 968679 2042 79311 70102 0 0 0
cpu3 956066 258437 994908 959056 1700 84327 72016 0 0 0
cpu4 121986 30151 86883 1232299 651 6294 1504 0 0 0
cpu5 103633 27819 71651 1236184 560 3377 1363 0 0 0
cpu6 90255 23838 61539 1238692 488 51506 1465 0 0 0
cpu7 82300 21278 57067 1240554 421 2595 953 0 0 0
intr 349313076 0 0 0 77856111 0 7993579 8 4 4 0 0 1372 0 0 0 0 722247 0 0 117 0 0 0 0 0 0 222 0 0 0 0 0 14 0 434419 112936 11 11 0 76350 0 0 0 0 0 0 24 2560 0 120434 4822529 1574037 14334013 11 316030 48620 6119683 0 0 152 0 0 0 0 1 0 0 0 0 0 0 0 0 0 0 0 0 0 0 0 0 0 0 0 0 0 0 0 0 0 0 0 0 0 0 0 0 0 0 0 0 0 0 0 0 0 0 0 0 0 0 2 60271 30 341392 513809 276763 0 0 0 0 0 315463 289 0 0 0 0 0 89 327703 0 0 0 0 0 0 0 0 0 0 0 0 0 0 0 0 0 0 0 0 0 0 0 0 0 0 0 0 0 0 0 0 0 0 0 0 0 0 0 0 0 0 0 0 0 0 0 0 0 0 0 0 1 0 1 379 1 15 1 5740 1491 19336 3 159445 252809 0 0 449801 0 0 4129127 0 0 0 0 0 0 0 0 0 0 0 0 11906 0 0 0 0 0 0 0 0 0 0 18 0 0 0 0 0 0 0 0 0 0 0 0 0 0 0 0 0 0 0 0 0 0 0 809 0 0 0 0 0 0 0 4320 0 0 0 0 0 0 0 0 0 0 0 0 0 0 0 0 0 0 0 0 0 0 0 0 0 0 0 0 0 0 0 0 0 0 0 0 0 2646 0 0 0 18558 0 0 0 0 0 0 0 0 0 0 0 0 0 0 0 0 0 0 0 0 0 0 0 0 19266 0 0 0 85072 0 0 0 0 0 0 0 0 0 0 0 0 0 0 0 0 0 0 0 0 0 0 0 0 0 0 0 6250807 11046 40 1117053 0 13350 181276 0 0 0 0 87 0 87 0 0 0 0 0 0 0 0 0 0 0 0 0 0 0 0 0 0 0 0 0 0 0 0 0 0 0 0 0 0 0 0 0 0 0 0 0 0 0 0 0 0 0 0 0 0 0 0 0 0 0 0 0 0 0 0 0 0 0 0 0 0 0 0 0 0 0 0 0 0 0 0 0 0 0 0 0 0 0 0 0 0 0 0 0 0 0 0 0 0 0 0 0 0 0 0 0 0 0 0 0 0 0 0 0 0 0 0 0 0 0 0 0 0 0 0 0 0 0 0 0 0 0 0 0 0 0 0 1 0 0 1558 0 682 0 0 0 0 0 0 0 0 0 0 0 0 0 1487 59 59 0 77 44 2874 77 0 0 0 0 0 0 0 0 0 11 1680 11137 256038 0 532 1 2 2 0 0 0 0 0 0 0 0 0 0 0 0 0 0 0 0 0 0 0 0 0 0 0 0 0 0 0 0 0 0 1 1 0 0 0 0 0 0 0 0 0 0 0 0 0 0 0 0 0 0 0 0 0 0 0 0 0 0 0 0 0 0 1 1 0 0 0 0 0 0 0 0 0 0 0 0 0 0 0 0 0 0 0 0 0 0 0 0 0 0 0 0 0 0 0 0 0 0 0 0 0 0 0 0 0 0 0 0 0 0 0 0 0 0 0 0 0 0 0 0 0 0 0 0 0 0 0 0 0 0 0 0 0 0 0 0 0 0 0 0 0 0 0 0 0 0 0 0 0 0 0 0 0 0 0 0 0 0 0 0 0 0 0 0 0 0 0 0 0 0 0 0 0 0 0 0 0 0 0 0 0 0 0 0 0 0 0 0 0 930377 0 98 0 4 343 0 0 0 17 0 0 0 0 326 656589 4 0 13 20 217 46 2253 0 0 0 0 0 0 0 11 0 6 0 0 0 0 0 0 0 0 0 2050 0 0 0 0 0 0 0 0 0 0
ctxt 572878522
btime 1543839747
processes 193686
procs_running 4
procs_blocked 0
softirq 90686642 20918880 23703319 275718 684828 5083199 152425 1371598 21555487 0 16941188
