cpu  5024526 1256255 4974505 24315149 71728 617164 432925 0 0 0
cpu0 1549450 270515 1567407 17104394 64178 288778 211780 0 0 0
cpu1 1186493 308894 1163225 876154 2392 102103 74735 0 0 0
cpu2 945582 318411 982519 889891 1823 78790 69613 0 0 0
cpu3 948552 256568 987679 881038 1547 83721 71513 0 0 0
cpu4 120749 29770 85828 1136857 552 6294 1504 0 0 0
cpu5 102678 27504 70720 1140295 470 3377 1363 0 0 0
cpu6 89485 23565 60798 1142370 412 51506 1464 0 0 0
cpu7 81537 21028 56329 1144150 354 2595 953 0 0 0
intr 346358210 0 0 0 77116812 0 7964138 8 4 4 0 0 1372 0 0 0 0 718667 0 0 117 0 0 0 0 0 0 222 0 0 0 0 0 14 0 429962 111787 11 11 0 75544 0 0 0 0 0 0 24 2560 0 120169 4760838 1571522 14269262 11 316030 48620 6061759 0 0 152 0 0 0 0 1 0 0 0 0 0 0 0 0 0 0 0 0 0 0 0 0 0 0 0 0 0 0 0 0 0 0 0 0 0 0 0 0 0 0 0 0 0 0 0 0 0 0 0 0 0 0 2 59765 30 339726 511628 276107 0 0 0 0 0 314242 289 0 0 0 0 0 89 326342 0 0 0 0 0 0 0 0 0 0 0 0 0 0 0 0 0 0 0 0 0 0 0 0 0 0 0 0 0 0 0 0 0 0 0 0 0 0 0 0 0 0 0 0 0 0 0 0 0 0 0 0 1 0 1 363 1 15 1 5674 1311 19071 3 157444 246582 0 0 449801 0 0 4093758 0 0 0 0 0 0 0 0 0 0 0 0 11750 0 0 0 0 0 0 0 0 0 0 18 0 0 0 0 0 0 0 0 0 0 0 0 0 0 0 0 0 0 0 0 0 0 0 807 0 0 0 0 0 0 0 4296 0 0 0 0 0 0 0 0 0 0 0 0 0 0 0 0 0 0 0 0 0 0 0 0 0 0 0 0 0 0 0 0 0 0 0 0 0 2622 0 0 0 18309 0 0 0 0 0 0 0 0 0 0 0 0 0 0 0 0 0 0 0 0 0 0 0 0 19266 0 0 0 85042 0 0 0 0 0 0 0 0 0 0 0 0 0 0 0 0 0 0 0 0 0 0 0 0 0 0 0 6185138 11021 40 1115712 0 13224 178799 0 0 0 0 87 0 87 0 0 0 0 0 0 0 0 0 0 0 0 0 0 0 0 0 0 0 0 0 0 0 0 0 0 0 0 0 0 0 0 0 0 0 0 0 0 0 0 0 0 0 0 0 0 0 0 0 0 0 0 0 0 0 0 0 0 0 0 0 0 0 0 0 0 0 0 0 0 0 0 0 0 0 0 0 0 0 0 0 0 0 0 0 0 0 0 0 0 0 0 0 0 0 0 0 0 0 0 0 0 0 0 0 0 0 0 0 0 0 0 0 0 0 0 0 0 0 0 0 0 0 0 0 0 0 0 1 0 0 1558 0 682 0 0 0 0 0 0 0 0 0 0 0 0 0 1484 59 59 0 77 44 2872 77 0 0 0 0 0 0 0 0 0 11 1674 11127 254800 0 532 1 2 2 0 0 0 0 0 0 0 0 0 0 0 0 0 0 0 0 0 0 0 0 0 0 0 0 0 0 0 0 0 0 1 1 0 0 0 0 0 0 0 0 0 0 0 0 0 0 0 0 0 0 0 0 0 0 0 0 0 0 0 0 0 0 1 1 0 0 0 0 0 0 0 0 0 0 0 0 0 0 0 0 0 0 0 0 0 0 0 0 0 0 0 0 0 0 0 0 0 0 0 0 0 0 0 0 0 0 0 0 0 0 0 0 0 0 0 0 0 0 0 0 0 0 0 0 0 0 0 0 0 0 0 0 0 0 0 0 0 0 0 0 0 0 0 0 0 0 0 0 0 0 0 0 0 0 0 0 0 0 0 0 0 0 0 0 0 0 0 0 0 0 0 0 0 0 0 0 0 0 0 0 0 0 0 0 0 0 0 0 0 903426 0 98 0 4 343 0 0 0 17 0 0 0 0 326 656089 4 0 13 20 217 46 2229 0 0 0 0 0 0 0 11 0 6 0 0 0 0 0 0 0 0 0 2050 0 0 0 0 0 0 0 0 0 0
ctxt 568610018
btime 1543839747
processes 192545
procs_running 2
procs_blocked 0
softirq 90068687 20789806 23547602 275422 681943 5033448 152425 1367234 21404033 0 16816774
