cpu  4871670 1200486 4840928 21544269 66537 602424 423118 0 0 0
cpu0 1503331 258406 1535812 16817443 63376 281130 207797 0 0 0
cpu1 1155254 294104 1135483 565226 1186 100200 73053 0 0 0
cpu2 917253 307627 954524 573998 920 76604 67721 0 0 0
cpu3 919899 246542 958963 566759 772 81317 69487 0 0 0
cpu4 114726 27265 80254 754491 74 6294 1503 0 0 0
cpu5 97871 25253 66123 755292 68 2778 1140 0 0 0
cpu6 85379 21800 56862 755332 72 51506 1464 0 0 0
cpu7 77957 19489 52907 755728 69 2595 953 0 0 0
intr 334326314 0 0 0 74060827 0 7834394 8 4 4 0 0 1372 0 0 0 0 704395 0 0 117 0 0 0 0 0 0 222 0 0 0 0 0 4 0 414472 107766 11 11 0 72554 0 0 0 0 0 0 24 2560 0 119171 4541507 1564177 14017248 11 316030 48620 5758630 0 0 152 0 0 0 0 1 0 0 0 0 0 0 0 0 0 0 0 0 0 0 0 0 0 0 0 0 0 0 0 0 0 0 0 0 0 0 0 0 0 0 0 0 0 0 0 0 0 0 0 0 0 0 2 57395 30 330966 502755 273442 0 0 0 0 0 308241 289 0 0 0 0 0 89 321285 0 0 0 0 0 0 0 0 0 0 0 0 0 0 0 0 0 0 0 0 0 0 0 0 0 0 0 0 0 0 0 0 0 0 0 0 0 0 0 0 0 0 0 0 0 0 0 0 0 0 0 0 1 0 1 311 1 15 1 5508 861 18365 3 151989 229105 0 0 449801 0 0 3959323 0 0 0 0 0 0 0 0 0 0 0 0 11337 0 0 0 0 0 0 0 0 0 0 18 0 0 0 0 0 0 0 0 0 0 0 0 0 0 0 0 0 0 0 0 0 0 0 801 0 0 0 0 0 0 0 4204 0 0 0 0 0 0 0 0 0 0 0 0 0 0 0 0 0 0 0 0 0 0 0 0 0 0 0 0 0 0 0 0 0 0 0 0 0 2544 0 0 0 17654 0 0 0 0 0 0 0 0 0 0 0 0 0 0 0 0 0 0 0 0 0 0 0 0 19266 0 0 0 85042 0 0 0 0 0 0 0 0 0 0 0 0 0 0 0 0 0 0 0 0 0 0 0 0 0 0 0 5921979 10950 40 1111691 0 12813 172093 0 0 0 0 87 0 87 0 0 0 0 0 0 0 0 0 0 0 0 0 0 0 0 0 0 0 0 0 0 0 0 0 0 0 0 0 0 0 0 0 0 0 0 0 0 0 0 0 0 0 0 0 0 0 0 0 0 0 0 0 0 0 0 0 0 0 0 0 0 0 0 0 0 0 0 0 0 0 0 0 0 0 0 0 0 0 0 0 0 0 0 0 0 0 0 0 0 0 0 0 0 0 0 0 0 0 0 0 0 0 0 0 0 0 0 0 0 0 0 0 0 0 0 0 0 0 0 0 0 0 0 0 0 0 0 1 0 0 1558 0 682 0 0 0 0 0 0 0 0 0 0 0 0 0 1457 59 59 0 77 44 2849 77 0 0 0 0 0 0 0 0 0 11 1634 11111 246159 0 532 1 2 2 0 0 0 0 0 0 0 0 0 0 0 0 0 0 0 0 0 0 0 0 0 0 0 0 0 0 0 0 0 0 1 1 0 0 0 0 0 0 0 0 0 0 0 0 0 0 0 0 0 0 0 0 0 0 0 0 0 0 0 0 0 0 1 1 0 0 0 0 0 0 0 0 0 0 0 0 0 0 0 0 0 0 0 0 0 0 0 0 0 0 0 0 0 0 0 0 0 0 0 0 0 0 0 0 0 0 0 0 0 0 0 0 0 0 0 0 0 0 0 0 0 0 0 0 0 0 0 0 0 0 0 0 0 0 0 0 0 0 0 0 0 0 0 0 0 0 0 0 0 0 0 0 0 0 0 0 0 0 0 0 0 0 0 0 0 0 0 0 0 0 0 0 0 0 0 0 0 0 0 0 0 0 0 0 0 0 0 0 0 848526 0 98 0 4 343 0 0 0 17 0 0 0 0 322 653447 4 0 13 20 217 46 2137 0 0 0 0 0 0 0 11 0 6 0 0 0 0 0 0 0 0 0 2050 0 0 0 0 0 0 0 0 0 0
ctxt 551361411
btime 1543839747
processes 188652
procs_running 2
procs_blocked 0
softirq 87488730 20310712 22897160 274227 667190 4759830 152425 1351639 20773900 0 16301647
