cpu  4899051 1221655 4866323 21854435 68532 604418 424673 0 0 0
cpu0 1508710 263073 1540142 16848907 63646 282314 208765 0 0 0
cpu1 1159568 299424 1139381 599292 1546 100411 73203 0 0 0
cpu2 921031 311337 958409 610229 1212 76861 67884 0 0 0
cpu3 923649 249834 962849 603229 1015 81605 69760 0 0 0
cpu4 118076 28589 83203 795677 341 6294 1504 0 0 0
cpu5 100513 26435 68616 797824 292 2832 1140 0 0 0
cpu6 87622 22657 58983 799077 258 51506 1464 0 0 0
cpu7 79882 20306 54740 800200 222 2595 953 0 0 0
intr 338367412 0 0 0 75258515 0 7859786 8 4 4 0 0 1372 0 0 0 0 706286 0 0 117 0 0 0 0 0 0 222 0 0 0 0 0 9 0 422210 109778 11 11 0 73969 0 0 0 0 0 0 24 2560 0 119329 4654837 1567552 14082179 11 316030 48620 5907876 0 0 152 0 0 0 0 1 0 0 0 0 0 0 0 0 0 0 0 0 0 0 0 0 0 0 0 0 0 0 0 0 0 0 0 0 0 0 0 0 0 0 0 0 0 0 0 0 0 0 0 0 0 0 2 58243 30 335984 503982 273775 0 0 0 0 0 311646 289 0 0 0 0 0 89 321408 0 0 0 0 0 0 0 0 0 0 0 0 0 0 0 0 0 0 0 0 0 0 0 0 0 0 0 0 0 0 0 0 0 0 0 0 0 0 0 0 0 0 0 0 0 0 0 0 0 0 0 0 1 0 1 335 1 15 1 5580 1056 18675 3 154393 236868 0 0 449801 0 0 3980161 0 0 0 0 0 0 0 0 0 0 0 0 11518 0 0 0 0 0 0 0 0 0 0 18 0 0 0 0 0 0 0 0 0 0 0 0 0 0 0 0 0 0 0 0 0 0 0 802 0 0 0 0 0 0 0 4250 0 0 0 0 0 0 0 0 0 0 0 0 0 0 0 0 0 0 0 0 0 0 0 0 0 0 0 0 0 0 0 0 0 0 0 0 0 2580 0 0 0 17941 0 0 0 0 0 0 0 0 0 0 0 0 0 0 0 0 0 0 0 0 0 0 0 0 19266 0 0 0 85042 0 0 0 0 0 0 0 0 0 0 0 0 0 0 0 0 0 0 0 0 0 0 0 0 0 0 0 5962975 10961 40 1112260 0 13002 175032 0 0 0 0 87 0 87 0 0 0 0 0 0 0 0 0 0 0 0 0 0 0 0 0 0 0 0 0 0 0 0 0 0 0 0 0 0 0 0 0 0 0 0 0 0 0 0 0 0 0 0 0 0 0 0 0 0 0 0 0 0 0 0 0 0 0 0 0 0 0 0 0 0 0 0 0 0 0 0 0 0 0 0 0 0 0 0 0 0 0 0 0 0 0 0 0 0 0 0 0 0 0 0 0 0 0 0 0 0 0 0 0 0 0 0 0 0 0 0 0 0 0 0 0 0 0 0 0 0 0 0 0 0 0 0 1 0 0 1558 0 682 0 0 0 0 0 0 0 0 0 0 0 0 0 1476 59 59 0 77 44 2864 77 0 0 0 0 0 0 0 0 0 11 1661 11123 251159 0 532 1 2 2 0 0 0 0 0 0 0 0 0 0 0 0 0 0 0 0 0 0 0 0 0 0 0 0 0 0 0 0 0 0 1 1 0 0 0 0 0 0 0 0 0 0 0 0 0 0 0 0 0 0 0 0 0 0 0 0 0 0 0 0 0 0 1 1 0 0 0 0 0 0 0 0 0 0 0 0 0 0 0 0 0 0 0 0 0 0 0 0 0 0 0 0 0 0 0 0 0 0 0 0 0 0 0 0 0 0 0 0 0 0 0 0 0 0 0 0 0 0 0 0 0 0 0 0 0 0 0 0 0 0 0 0 0 0 0 0 0 0 0 0 0 0 0 0 0 0 0 0 0 0 0 0 0 0 0 0 0 0 0 0 0 0 0 0 0 0 0 0 0 0 0 0 0 0 0 0 0 0 0 0 0 0 0 0 0 0 0 0 0 878408 0 98 0 4 343 0 0 0 17 0 0 0 0 324 654176 4 0 13 20 217 46 2183 0 0 0 0 0 0 0 11 0 6 0 0 0 0 0 0 0 0 0 2050 0 0 0 0 0 0 0 0 0 0
ctxt 556901907
btime 1543839747
processes 190443
procs_running 2
procs_blocked 0
softirq 88194555 20492405 23028272 274377 675608 4897643 152425 1355048 20902808 0 16415969
