cpu  3083409 329447 1533839 11242951 1327 0 21142 0 0 0
cpu0 1076877 56214 516224 9648687 994 0 10988 0 0 0
cpu1 779336 52290 387143 218194 37 0 4769 0 0 0
cpu2 590899 85230 309912 218428 63 0 3910 0 0 0
cpu3 503706 69961 266798 219265 76 0 1108 0 0 0
cpu4 66456 26461 22801 222235 47 0 196 0 0 0
cpu5 24316 15953 10440 234916 41 0 91 0 0 0
cpu6 18008 11124 9224 240212 25 0 46 0 0 0
cpu7 23807 12211 11294 241012 40 0 31 0 0 0
intr 186808641 0 0 0 51836019 0 14333657 3 0 0 1134 0 0 0 0 0 0 0 0 0 0 0 0 0 0 0 0 0 0 0 0 0 0 0 0 0 0 0 0 0 0 1392 124824 2074 3672299 173469 0 0 10381 0 0 0 0 0 0 0 3515 3202776 125 16525833 0 0 0 0 19201 6276218 1261042 33888 505482 506072 0 193752 2669074 0 54890 0 0 0 0 0 0 0 14728 6297 0 0 0 0 0 0 0 0 0 0 0 0 0 0 0 0 0 0 0 0 0 0 0 0 0 0 3554908 0 3263 0 0 0 0 0 1 0 0 0 0 0 0 0 0 0 0 0 0 0 0 0 0 0 0 0 0 0 0 0 0 0 0 0 0 0 0 0 0 0 0 0 0 0 0 0 0 0 0 0 0 0 0 0 0 0 0 0 0 0 0 0 0 0 0 0 0 0 0 0 0 0 0 0 0 0 0 0 0 0 0 0 0 0 0 0 0 0 0 0 0 0 0 0 0 0 0 0 0 0 0 0 0 0 0 0 0 0 0 0 0 0 0 0 0 0 0 0 0 0 0 0 0 0 0 0 0 0 0 0 0 0 0 0 0 0 0 0 0 0 0 0 0 0 0 0 0 0 0 0 0 0 0 0 0 0 0 0 0 0 0 0 0 0 0 0 0 0 0 0 0 0 0 0 0 0 0 0 0 0 0 0 0 0 0 0 0 0 0 0 0 0 0 0 808125 7 0 0 0 0 0 0 0 0 0 0 0 0 0 2 0 0 0 1 0 0 0 0 0 0 0 15 68 0 168 0 662 18076 0 0 0 0 0 0 67 0 0 262 0 0 0 0 0 0 0 0 0 0 0 0 0 0 0 0 0 0 0 0 0 0 0 0 0 0 0 0 7 7 0 0 0 124 124 0 0 0 0 0 0 0 0 0 0 0 0 0 0 0 0 0 0 0 0 0 0 0 0 0 0 1 0 0 0 1 0 0 0 0 0 0 0 0 0 166 0 0 0 0 0 0 0 0 0 0 0 0 0 0 0 0 0 0 0 0 0 0 0 0 0 0 0 0 0 0 0 1001567 0 161
ctxt 278028059
btime 1545217894
processes 72190
procs_running 13
procs_blocked 0
softirq 76609201 98374 22696178 1517 436484 403497 1498 8334659 23725693 0 20911301
