cpu  3094543 330758 1539771 11361322 1409 0 21201 0 0 0
cpu0 1079179 56352 517598 9661639 1000 0 11030 0 0 0
cpu1 781572 52471 388468 231463 44 0 4775 0 0 0
cpu2 592884 85384 311060 232144 69 0 3912 0 0 0
cpu3 505652 70183 267757 233160 86 0 1112 0 0 0
cpu4 67567 26659 23284 237660 64 0 198 0 0 0
cpu5 24876 16142 10638 251226 52 0 92 0 0 0
cpu6 18440 11242 9421 256724 37 0 48 0 0 0
cpu7 24370 12322 11544 257303 55 0 32 0 0 0
intr 187491111 0 0 0 51997945 0 14352165 3 0 0 1136 0 0 0 0 0 0 0 0 0 0 0 0 0 0 0 0 0 0 0 0 0 0 0 0 0 0 0 0 0 0 1392 127614 2108 3678969 174182 0 0 10381 0 0 0 0 0 0 0 3533 3212495 125 16560501 0 0 0 0 19201 6284496 1271898 34718 508602 506864 0 196476 2709280 0 58334 0 0 0 0 0 0 0 14728 6297 0 0 0 0 0 0 0 0 0 0 0 0 0 0 0 0 0 0 0 0 0 0 0 0 0 0 3565944 0 4201 0 0 0 0 0 1 0 0 0 0 0 0 0 0 0 0 0 0 0 0 0 0 0 0 0 0 0 0 0 0 0 0 0 0 0 0 0 0 0 0 0 0 0 0 0 0 0 0 0 0 0 0 0 0 0 0 0 0 0 0 0 0 0 0 0 0 0 0 0 0 0 0 0 0 0 0 0 0 0 0 0 0 0 0 0 0 0 0 0 0 0 0 0 0 0 0 0 0 0 0 0 0 0 0 0 0 0 0 0 0 0 0 0 0 0 0 0 0 0 0 0 0 0 0 0 0 0 0 0 0 0 0 0 0 0 0 0 0 0 0 0 0 0 0 0 0 0 0 0 0 0 0 0 0 0 0 0 0 0 0 0 0 0 0 0 0 0 0 0 0 0 0 0 0 0 0 0 0 0 0 0 0 0 0 0 0 0 0 0 0 0 0 0 808933 7 0 0 0 0 0 0 0 0 0 0 0 0 0 3 0 0 0 1 0 0 0 0 0 0 0 15 68 0 169 0 662 18159 0 0 0 0 0 0 67 0 0 266 0 0 0 0 0 0 0 0 0 0 0 0 0 0 0 0 0 0 0 0 0 0 0 0 0 0 0 0 7 7 0 0 0 126 126 0 0 0 0 0 0 0 0 0 0 0 0 0 0 0 0 0 0 0 0 0 0 0 0 0 0 2 0 0 0 1 0 0 0 0 0 0 0 0 0 166 0 0 0 0 0 0 0 0 0 0 0 0 0 0 0 0 0 0 0 0 0 0 0 0 0 0 0 0 0 0 0 1016889 0 161
ctxt 279233405
btime 1545217894
processes 73176
procs_running 1
procs_blocked 0
softirq 76892521 99736 22772925 1518 436820 405354 1498 8375831 23803870 0 20994969
