cpu  3035713 320792 1513501 11060787 1226 0 20885 0 0 0
cpu0 1068422 55535 511348 9631632 986 0 10758 0 0 0
cpu1 771702 51394 382538 199566 30 0 4762 0 0 0
cpu2 584360 84331 305851 198375 51 0 3904 0 0 0
cpu3 497647 68806 263272 198418 62 0 1103 0 0 0
cpu4 52082 25221 20904 206814 28 0 196 0 0 0
cpu5 21537 12792 9702 208360 25 0 83 0 0 0
cpu6 16738 10679 8851 208976 12 0 44 0 0 0
cpu7 23222 12032 11032 208644 30 0 30 0 0 0
intr 183620794 0 0 0 51219856 0 14324411 3 0 0 1132 0 0 0 0 0 0 0 0 0 0 0 0 0 0 0 0 0 0 0 0 0 0 0 0 0 0 0 0 0 0 1392 119700 1608 3651341 166920 0 0 10381 0 0 0 0 0 0 0 3515 3162397 117 16384818 0 0 0 0 19201 6255243 1246978 32884 504746 504614 0 193752 2154856 0 17512 0 0 0 0 0 0 0 14728 6297 0 0 0 0 0 0 0 0 0 0 0 0 0 0 0 0 0 0 0 0 0 0 0 0 0 0 3515490 0 117 0 0 0 0 0 1 0 0 0 0 0 0 0 0 0 0 0 0 0 0 0 0 0 0 0 0 0 0 0 0 0 0 0 0 0 0 0 0 0 0 0 0 0 0 0 0 0 0 0 0 0 0 0 0 0 0 0 0 0 0 0 0 0 0 0 0 0 0 0 0 0 0 0 0 0 0 0 0 0 0 0 0 0 0 0 0 0 0 0 0 0 0 0 0 0 0 0 0 0 0 0 0 0 0 0 0 0 0 0 0 0 0 0 0 0 0 0 0 0 0 0 0 0 0 0 0 0 0 0 0 0 0 0 0 0 0 0 0 0 0 0 0 0 0 0 0 0 0 0 0 0 0 0 0 0 0 0 0 0 0 0 0 0 0 0 0 0 0 0 0 0 0 0 0 0 0 0 0 0 0 0 0 0 0 0 0 0 0 0 0 0 0 0 805920 7 0 0 0 0 0 0 0 0 0 0 0 0 0 2 0 0 0 1 0 0 0 0 0 0 0 15 68 0 168 0 662 17412 0 0 0 0 0 0 67 0 0 258 0 0 0 0 0 0 0 0 0 0 0 0 0 0 0 0 0 0 0 0 0 0 0 0 0 0 0 0 7 7 0 0 0 122 122 0 0 0 0 0 0 0 0 0 0 0 0 0 0 0 0 0 0 0 0 0 0 0 0 0 0 1 0 0 0 1 0 0 0 0 0 0 0 0 0 166 0 0 0 0 0 0 0 0 0 0 0 0 0 0 0 0 0 0 0 0 0 0 0 0 0 0 0 0 0 0 0 997657 0 161
ctxt 273007608
btime 1545217894
processes 70504
procs_running 3
procs_blocked 0
softirq 75511536 98374 22434240 1517 435820 400002 1498 8035378 23477816 0 20626891
