cpu  3066687 326113 1525594 11183414 1230 0 21019 0 0 0
cpu0 1074081 55950 514432 9643020 986 0 10884 0 0 0
cpu1 776680 51950 385421 212088 30 0 4765 0 0 0
cpu2 588496 84888 308380 211949 52 0 3906 0 0 0
cpu3 501416 69538 265423 212553 63 0 1104 0 0 0
cpu4 62747 25878 21955 216209 28 0 196 0 0 0
cpu5 22843 15076 10036 226444 25 0 87 0 0 0
cpu6 17168 10787 8905 230456 13 0 44 0 0 0
cpu7 23252 12042 11039 230692 30 0 30 0 0 0
intr 185661664 0 0 0 51613635 0 14329500 3 0 0 1132 0 0 0 0 0 0 0 0 0 0 0 0 0 0 0 0 0 0 0 0 0 0 0 0 0 0 0 0 0 0 1392 119700 1608 3664977 167010 0 0 10381 0 0 0 0 0 0 0 3515 3189482 117 16479545 0 0 0 0 19201 6264636 1249088 32884 504746 505572 0 193752 2510968 0 39820 0 0 0 0 0 0 0 14728 6297 0 0 0 0 0 0 0 0 0 0 0 0 0 0 0 0 0 0 0 0 0 0 0 0 0 0 3542349 0 117 0 0 0 0 0 1 0 0 0 0 0 0 0 0 0 0 0 0 0 0 0 0 0 0 0 0 0 0 0 0 0 0 0 0 0 0 0 0 0 0 0 0 0 0 0 0 0 0 0 0 0 0 0 0 0 0 0 0 0 0 0 0 0 0 0 0 0 0 0 0 0 0 0 0 0 0 0 0 0 0 0 0 0 0 0 0 0 0 0 0 0 0 0 0 0 0 0 0 0 0 0 0 0 0 0 0 0 0 0 0 0 0 0 0 0 0 0 0 0 0 0 0 0 0 0 0 0 0 0 0 0 0 0 0 0 0 0 0 0 0 0 0 0 0 0 0 0 0 0 0 0 0 0 0 0 0 0 0 0 0 0 0 0 0 0 0 0 0 0 0 0 0 0 0 0 0 0 0 0 0 0 0 0 0 0 0 0 0 0 0 0 0 0 807093 7 0 0 0 0 0 0 0 0 0 0 0 0 0 2 0 0 0 1 0 0 0 0 0 0 0 15 68 0 168 0 662 17412 0 0 0 0 0 0 67 0 0 258 0 0 0 0 0 0 0 0 0 0 0 0 0 0 0 0 0 0 0 0 0 0 0 0 0 0 0 0 7 7 0 0 0 122 122 0 0 0 0 0 0 0 0 0 0 0 0 0 0 0 0 0 0 0 0 0 0 0 0 0 0 1 0 0 0 1 0 0 0 0 0 0 0 0 0 166 0 0 0 0 0 0 0 0 0 0 0 0 0 0 0 0 0 0 0 0 0 0 0 0 0 0 0 0 0 0 0 999465 0 161
ctxt 276144669
btime 1545217894
processes 70580
procs_running 5
procs_blocked 0
softirq 76205899 98374 22599930 1517 435872 400885 1498 8234860 23633240 0 20799723
