cpu  3128918 339666 1576108 11626700 1300 0 21514 0 0 0
cpu0 1086200 57692 527003 9999562 1090 0 11258 0 0 0
cpu1 788406 54054 395909 230379 22 0 4798 0 0 0
cpu2 599583 87196 318892 229451 40 0 3933 0 0 0
cpu3 512432 71862 275539 229334 44 0 1126 0 0 0
cpu4 69822 27620 24790 233824 26 0 209 0 0 0
cpu5 26352 16712 11454 234724 24 0 100 0 0 0
cpu6 19749 11736 10116 234759 25 0 52 0 0 0
cpu7 26371 12792 12402 234664 26 0 35 0 0 0
intr 190140932 0 0 0 52542725 0 14571234 3 0 0 1227 0 0 0 0 0 0 0 0 0 0 0 0 0 0 0 0 0 0 0 0 0 0 0 0 0 0 0 0 0 0 1560 135402 2152 3923011 178651 0 0 11524 1713 0 0 0 0 0 0 5495 3232072 128 16630908 0 0 0 0 55116 6284496 1332696 40702 518440 527956 0 208802 2769048 0 60308 0 0 0 681 0 0 0 14728 6297 0 0 0 0 0 0 0 0 0 0 0 0 0 0 0 0 0 0 0 0 0 0 0 0 0 0 3591152 0 4673 0 0 0 0 0 1 0 0 0 0 0 0 0 0 0 0 0 0 0 0 0 0 0 0 0 0 0 0 0 0 0 0 0 0 0 0 0 0 0 0 0 0 0 0 0 0 0 0 0 0 0 0 0 0 0 0 0 0 0 0 0 0 0 0 0 0 0 0 0 0 0 0 0 0 0 0 0 0 0 0 0 0 0 0 0 0 0 0 0 0 0 0 0 0 0 0 0 0 0 0 0 0 0 0 0 0 0 0 0 0 0 0 0 0 0 0 0 0 0 0 0 0 0 0 0 0 0 0 0 0 0 0 0 0 0 0 0 0 0 0 0 0 0 0 0 0 0 0 0 0 0 0 0 0 0 0 0 0 0 0 0 0 0 0 0 0 0 0 0 0 0 0 0 0 0 0 0 0 0 0 0 0 0 0 0 0 0 0 0 0 0 0 0 808933 7 0 0 0 0 0 0 0 0 0 0 0 18 0 4 0 0 0 1 0 0 0 0 0 0 0 17 68 0 175 0 662 18639 0 0 0 0 0 0 76 0 0 274 0 0 0 0 0 0 0 0 0 0 0 0 0 0 0 0 0 0 0 0 0 0 0 0 0 0 0 0 8 8 0 0 0 129 129 0 0 0 0 0 0 0 0 0 0 0 0 0 0 0 0 0 0 0 0 0 0 0 0 0 0 2 0 0 0 1 0 0 0 0 0 0 0 0 0 172 0 0 0 0 0 0 0 0 0 0 0 0 0 0 0 0 0 0 0 0 0 0 0 0 0 0 0 0 0 0 0 1080606 0 531
ctxt 284211371
btime 1545217894
processes 77032
procs_running 1
procs_blocked 0
softirq 78305569 108566 23193030 4185 436820 423461 4165 8493222 24219525 0 21422595
