cpu  4553437 1091243 4599139 16315772 62636 571375 402781 0 0 0
cpu0 1403433 237520 1471939 16287662 62576 266182 203247 0 0 0
cpu1 1078692 266889 1076201 3350 13 94927 70609 0 0 0
cpu2 849025 278359 898233 3427 8 71628 63733 0 0 0
cpu3 852979 216808 901681 3426 12 75465 60428 0 0 0
cpu4 112747 26727 78767 4329 7 6294 1208 0 0 0
cpu5 96280 24700 64895 4504 5 2778 1140 0 0 0
cpu6 83767 21286 55568 4542 6 51506 1463 0 0 0
cpu7 76514 18954 51855 4532 9 2595 953 0 0 0
intr 317653438 0 0 0 70601109 0 7697470 8 4 4 0 0 1364 0 0 0 0 677921 0 0 117 0 0 0 0 0 0 221 0 0 0 0 0 4 0 409608 105749 11 11 0 70568 0 0 0 0 0 0 24 2560 0 117236 4517012 1557655 13284379 11 316030 48620 5658275 0 0 152 0 0 0 0 1 0 0 0 0 0 0 0 0 0 0 0 0 0 0 0 0 0 0 0 0 0 0 0 0 0 0 0 0 0 0 0 0 0 0 0 0 0 0 0 0 0 0 0 0 0 0 2 54807 30 329328 486539 269070 0 0 0 0 0 307223 289 0 0 0 0 0 89 321212 0 0 0 0 0 0 0 0 0 0 0 0 0 0 0 0 0 0 0 0 0 0 0 0 0 0 0 0 0 0 0 0 0 0 0 0 0 0 0 0 0 0 0 0 0 0 0 0 0 0 0 0 1 0 1 284 1 15 1 5464 746 18121 3 150305 222291 0 0 449801 0 0 3544862 0 0 0 0 0 0 0 0 0 0 0 0 11202 0 0 0 0 0 0 0 0 0 0 18 0 0 0 0 0 0 0 0 0 0 0 0 0 0 0 0 0 0 0 0 0 0 0 775 0 0 0 0 0 0 0 4163 0 0 0 0 0 0 0 0 0 0 0 0 0 0 0 0 0 0 0 0 0 0 0 0 0 0 0 0 0 0 0 0 0 0 0 0 0 2475 0 0 0 17436 0 0 0 0 0 0 0 0 0 0 0 0 0 0 0 0 0 0 0 0 0 0 0 0 18980 0 0 0 84576 0 0 0 0 0 0 0 0 0 0 0 0 0 0 0 0 0 0 0 0 0 0 0 0 0 0 0 5454618 10621 40 1098832 0 12461 169853 0 0 0 0 86 0 86 0 0 0 0 0 0 0 0 0 0 0 0 0 0 0 0 0 0 0 0 0 0 0 0 0 0 0 0 0 0 0 0 0 0 0 0 0 0 0 0 0 0 0 0 0 0 0 0 0 0 0 0 0 0 0 0 0 0 0 0 0 0 0 0 0 0 0 0 0 0 0 0 0 0 0 0 0 0 0 0 0 0 0 0 0 0 0 0 0 0 0 0 0 0 0 0 0 0 0 0 0 0 0 0 0 0 0 0 0 0 0 0 0 0 0 0 0 0 0 0 0 0 0 0 0 0 0 0 1 0 0 1555 0 680 0 0 0 0 0 0 0 0 0 0 0 0 0 1436 59 59 0 77 44 2827 77 0 0 0 0 0 0 0 0 0 11 1608 11108 244317 0 532 1 2 2 0 0 0 0 0 0 0 0 0 0 0 0 0 0 0 0 0 0 0 0 0 0 0 0 0 0 0 0 0 0 1 1 0 0 0 0 0 0 0 0 0 0 0 0 0 0 0 0 0 0 0 0 0 0 0 0 0 0 0 0 0 0 1 1 0 0 0 0 0 0 0 0 0 0 0 0 0 0 0 0 0 0 0 0 0 0 0 0 0 0 0 0 0 0 0 0 0 0 0 0 0 0 0 0 0 0 0 0 0 0 0 0 0 0 0 0 0 0 0 0 0 0 0 0 0 0 0 0 0 0 0 0 0 0 0 0 0 0 0 0 0 0 0 0 0 0 0 0 0 0 0 0 0 0 0 0 0 0 0 0 0 0 0 0 0 0 0 0 0 0 0 0 0 0 0 0 0 0 0 0 0 0 0 0 0 0 0 0 0 828627 0 95 0 3 316 0 0 0 16 0 0 0 0 316 643420 4 0 13 18 207 46 2119 0 0 0 0 0 0 0 10 0 5 0 0 0 0 0 0 0 0 0 2029 0 0 0 0 0 0 0 0 0 0
ctxt 527282362
btime 1543839747
processes 186226
procs_running 1
procs_blocked 0
softirq 83074672 19547423 21627432 271963 664536 4681323 152425 1329928 19504679 0 15294963
