cpu  4861070 1196291 4831555 21355244 66149 601333 422502 0 0 0
cpu0 1501069 257454 1533695 16796985 63325 280594 207511 0 0 0
cpu1 1153243 292957 1133789 543629 1112 100014 72974 0 0 0
cpu2 915289 306927 952746 552111 848 76429 67628 0 0 0
cpu3 917843 245927 957185 545115 722 81123 69330 0 0 0
cpu4 113922 27045 79647 729000 33 6294 1503 0 0 0
cpu5 97308 25047 65606 729469 30 2778 1140 0 0 0
cpu6 84852 21617 56358 729401 39 51506 1463 0 0 0
cpu7 77544 19317 52529 729534 40 2595 953 0 0 0
intr 333281631 0 0 0 73789389 0 7818034 8 4 4 0 0 1368 0 0 0 0 703334 0 0 117 0 0 0 0 0 0 222 0 0 0 0 0 4 0 410064 105865 11 11 0 72249 0 0 0 0 0 0 24 2560 0 119071 4519874 1561787 13994782 11 316030 48620 5739028 0 0 152 0 0 0 0 1 0 0 0 0 0 0 0 0 0 0 0 0 0 0 0 0 0 0 0 0 0 0 0 0 0 0 0 0 0 0 0 0 0 0 0 0 0 0 0 0 0 0 0 0 0 0 2 57184 30 329996 502002 273257 0 0 0 0 0 307563 289 0 0 0 0 0 89 321212 0 0 0 0 0 0 0 0 0 0 0 0 0 0 0 0 0 0 0 0 0 0 0 0 0 0 0 0 0 0 0 0 0 0 0 0 0 0 0 0 0 0 0 0 0 0 0 0 0 0 0 0 1 0 1 284 1 15 1 5464 746 18121 3 150305 222291 0 0 449801 0 0 3945109 0 0 0 0 0 0 0 0 0 0 0 0 11202 0 0 0 0 0 0 0 0 0 0 18 0 0 0 0 0 0 0 0 0 0 0 0 0 0 0 0 0 0 0 0 0 0 0 801 0 0 0 0 0 0 0 4168 0 0 0 0 0 0 0 0 0 0 0 0 0 0 0 0 0 0 0 0 0 0 0 0 0 0 0 0 0 0 0 0 0 0 0 0 0 2488 0 0 0 17436 0 0 0 0 0 0 0 0 0 0 0 0 0 0 0 0 0 0 0 0 0 0 0 0 19139 0 0 0 84640 0 0 0 0 0 0 0 0 0 0 0 0 0 0 0 0 0 0 0 0 0 0 0 0 0 0 0 5907861 10950 40 1106877 0 12528 169853 0 0 0 0 87 0 87 0 0 0 0 0 0 0 0 0 0 0 0 0 0 0 0 0 0 0 0 0 0 0 0 0 0 0 0 0 0 0 0 0 0 0 0 0 0 0 0 0 0 0 0 0 0 0 0 0 0 0 0 0 0 0 0 0 0 0 0 0 0 0 0 0 0 0 0 0 0 0 0 0 0 0 0 0 0 0 0 0 0 0 0 0 0 0 0 0 0 0 0 0 0 0 0 0 0 0 0 0 0 0 0 0 0 0 0 0 0 0 0 0 0 0 0 0 0 0 0 0 0 0 0 0 0 0 0 1 0 0 1555 0 682 0 0 0 0 0 0 0 0 0 0 0 0 0 1451 59 59 0 77 44 2842 77 0 0 0 0 0 0 0 0 0 11 1622 11109 245158 0 532 1 2 2 0 0 0 0 0 0 0 0 0 0 0 0 0 0 0 0 0 0 0 0 0 0 0 0 0 0 0 0 0 0 1 1 0 0 0 0 0 0 0 0 0 0 0 0 0 0 0 0 0 0 0 0 0 0 0 0 0 0 0 0 0 0 1 1 0 0 0 0 0 0 0 0 0 0 0 0 0 0 0 0 0 0 0 0 0 0 0 0 0 0 0 0 0 0 0 0 0 0 0 0 0 0 0 0 0 0 0 0 0 0 0 0 0 0 0 0 0 0 0 0 0 0 0 0 0 0 0 0 0 0 0 0 0 0 0 0 0 0 0 0 0 0 0 0 0 0 0 0 0 0 0 0 0 0 0 0 0 0 0 0 0 0 0 0 0 0 0 0 0 0 0 0 0 0 0 0 0 0 0 0 0 0 0 0 0 0 0 0 0 840113 0 98 0 4 343 0 0 0 17 0 0 0 0 322 653095 4 0 13 18 209 46 2121 0 0 0 0 0 0 0 10 0 5 0 0 0 0 0 0 0 0 0 2032 0 0 0 0 0 0 0 0 0 0
ctxt 549804143
btime 1543839747
processes 187654
procs_running 1
procs_blocked 0
softirq 87293462 20264169 22848594 274145 665544 4742465 152425 1349426 20731012 0 16265682
