cpu  5141112 1296510 5081402 17668703 66289 629057 441003 0 0 0
cpu0 1583181 280559 1596355 17373411 65053 295207 215660 0 0 0
cpu1 1213054 320104 1187214 36455 272 104173 76074 0 0 0
cpu2 966569 326046 1002928 37729 209 80421 71032 0 0 0
cpu3 969522 263540 1008528 37632 174 85484 72927 0 0 0
cpu4 125635 31183 89829 44500 168 6294 1505 0 0 0
cpu5 106329 28654 74194 45623 169 3377 1363 0 0 0
cpu6 92439 24605 63573 46439 132 51506 1465 0 0 0
cpu7 84383 21819 58781 46914 112 2595 977 0 0 0
intr 355956940 0 0 0 79522295 0 8117818 8 4 4 0 0 1372 0 0 0 0 731614 0 0 120 0 0 0 0 0 0 222 0 0 0 0 0 14 0 445070 115738 11 11 0 78325 0 0 0 0 0 0 24 2560 0 121186 4970484 1578557 14519687 11 317759 48886 6277489 0 0 157 0 0 0 0 1 0 0 0 0 0 0 0 0 0 0 0 0 0 0 0 0 0 0 0 0 0 0 0 0 0 0 0 0 0 0 0 0 0 0 0 0 0 0 0 0 0 0 0 0 0 0 2 61542 30 346315 518968 279116 0 0 0 0 0 318786 289 0 0 0 0 0 89 329834 0 0 0 0 0 0 0 0 0 0 0 0 0 0 0 0 0 0 0 0 0 0 0 0 0 0 0 0 0 0 0 0 0 0 0 0 0 0 0 0 0 0 0 0 0 0 0 0 0 0 0 0 1 0 1 419 1 15 1 5810 1675 19714 3 162220 263316 0 0 449801 0 0 4196040 0 0 0 0 0 0 0 0 0 0 0 0 12118 0 0 0 0 0 0 0 0 0 0 18 0 0 0 0 0 0 0 0 0 0 0 0 0 0 0 0 0 0 0 0 0 0 0 821 0 0 0 0 0 0 0 4381 0 0 0 0 0 0 0 0 0 0 0 0 0 0 0 0 0 0 0 0 0 0 0 0 0 0 0 0 0 0 0 0 0 0 0 0 0 2728 0 0 0 18897 0 0 0 0 0 0 0 0 0 0 0 0 0 0 0 0 0 0 0 0 0 0 0 0 19317 0 0 0 85215 0 0 0 0 0 0 0 0 0 0 0 0 0 0 0 0 0 0 0 0 0 0 0 0 0 0 0 6368923 11196 40 1120667 0 13777 184829 0 0 0 0 88 0 88 0 0 0 0 0 0 0 0 0 0 0 0 0 0 0 0 0 0 0 0 0 0 0 0 0 0 0 0 0 0 0 0 0 0 0 0 0 0 0 0 0 0 0 0 0 0 0 0 0 0 0 0 0 0 0 0 0 0 0 0 0 0 0 0 0 0 0 0 0 0 0 0 0 0 0 0 0 0 0 0 0 0 0 0 0 0 0 0 0 0 0 0 0 0 0 0 0 0 0 0 0 0 0 0 0 0 0 0 0 0 0 0 0 0 0 0 0 0 0 0 0 0 0 0 0 0 0 0 1 0 0 1558 0 685 0 0 0 0 0 0 0 0 0 0 0 0 0 1509 60 60 0 79 45 2929 79 0 0 0 0 0 0 0 0 0 11 1700 11852 259618 0 534 1 2 2 0 0 0 0 0 0 0 0 0 0 0 0 0 0 0 0 0 0 0 0 0 0 0 0 0 0 0 0 0 0 1 1 0 0 0 0 0 0 0 0 0 0 0 0 0 0 0 0 0 0 0 0 0 0 0 0 0 0 0 0 0 0 1 1 0 0 0 0 0 0 0 0 0 0 0 0 0 0 0 0 0 0 0 0 0 0 0 0 0 0 0 0 0 0 0 0 0 0 0 0 0 0 0 0 0 0 0 0 0 0 0 0 0 0 0 0 0 0 0 0 0 0 0 0 0 0 0 0 0 0 0 0 0 0 0 0 0 0 0 0 0 0 0 0 0 0 0 0 0 0 0 0 0 0 0 0 0 0 0 0 0 0 0 0 0 0 0 0 0 0 0 0 0 0 0 0 0 0 0 0 0 0 0 0 0 0 0 0 0 967048 0 100 0 4 343 0 0 0 17 0 0 0 0 334 660856 4 0 13 20 217 46 2314 0 0 0 0 0 0 0 11 0 6 0 0 0 0 0 0 0 0 0 2050 0 0 0 0 0 0 0 0 0 0
ctxt 582890323
btime 1543839747
processes 196760
procs_running 1
procs_blocked 0
softirq 92181344 21258021 24079722 277594 693177 5219163 153174 1383633 21899650 0 17217210
