cpu  4590533 1124741 4629147 17141907 63178 575810 406226 0 0 0
cpu0 1415301 243754 1479897 16374546 62703 267779 203825 0 0 0
cpu1 1087931 275017 1083508 92771 167 95767 70612 0 0 0
cpu2 857166 287634 905428 92479 147 72510 64398 0 0 0
cpu3 860229 226222 908749 91348 118 76581 62627 0 0 0
cpu4 112868 26824 78870 122603 9 6294 1208 0 0 0
cpu5 96417 24806 65000 122762 9 2778 1140 0 0 0
cpu6 83901 21387 55696 122770 9 51506 1463 0 0 0
cpu7 76720 19097 51999 122628 16 2595 953 0 0 0
intr 320209066 0 0 0 71194413 0 7711835 8 4 4 0 0 1364 0 0 0 0 682066 0 0 117 0 0 0 0 0 0 221 0 0 0 0 0 4 0 409608 105749 11 11 0 70889 0 0 0 0 0 0 24 2560 0 117596 4517012 1558126 13488199 11 316030 48620 5670436 0 0 152 0 0 0 0 1 0 0 0 0 0 0 0 0 0 0 0 0 0 0 0 0 0 0 0 0 0 0 0 0 0 0 0 0 0 0 0 0 0 0 0 0 0 0 0 0 0 0 0 0 0 0 2 55162 30 329472 489769 269868 0 0 0 0 0 307285 289 0 0 0 0 0 89 321212 0 0 0 0 0 0 0 0 0 0 0 0 0 0 0 0 0 0 0 0 0 0 0 0 0 0 0 0 0 0 0 0 0 0 0 0 0 0 0 0 0 0 0 0 0 0 0 0 0 0 0 0 1 0 1 284 1 15 1 5464 746 18121 3 150305 222291 0 0 449801 0 0 3568141 0 0 0 0 0 0 0 0 0 0 0 0 11202 0 0 0 0 0 0 0 0 0 0 18 0 0 0 0 0 0 0 0 0 0 0 0 0 0 0 0 0 0 0 0 0 0 0 781 0 0 0 0 0 0 0 4163 0 0 0 0 0 0 0 0 0 0 0 0 0 0 0 0 0 0 0 0 0 0 0 0 0 0 0 0 0 0 0 0 0 0 0 0 0 2475 0 0 0 17436 0 0 0 0 0 0 0 0 0 0 0 0 0 0 0 0 0 0 0 0 0 0 0 0 18980 0 0 0 84576 0 0 0 0 0 0 0 0 0 0 0 0 0 0 0 0 0 0 0 0 0 0 0 0 0 0 0 5485698 10698 40 1100173 0 12461 169853 0 0 0 0 86 0 86 0 0 0 0 0 0 0 0 0 0 0 0 0 0 0 0 0 0 0 0 0 0 0 0 0 0 0 0 0 0 0 0 0 0 0 0 0 0 0 0 0 0 0 0 0 0 0 0 0 0 0 0 0 0 0 0 0 0 0 0 0 0 0 0 0 0 0 0 0 0 0 0 0 0 0 0 0 0 0 0 0 0 0 0 0 0 0 0 0 0 0 0 0 0 0 0 0 0 0 0 0 0 0 0 0 0 0 0 0 0 0 0 0 0 0 0 0 0 0 0 0 0 0 0 0 0 0 0 1 0 0 1555 0 680 0 0 0 0 0 0 0 0 0 0 0 0 0 1442 59 59 0 77 44 2839 77 0 0 0 0 0 0 0 0 0 11 1614 11108 244896 0 532 1 2 2 0 0 0 0 0 0 0 0 0 0 0 0 0 0 0 0 0 0 0 0 0 0 0 0 0 0 0 0 0 0 1 1 0 0 0 0 0 0 0 0 0 0 0 0 0 0 0 0 0 0 0 0 0 0 0 0 0 0 0 0 0 0 1 1 0 0 0 0 0 0 0 0 0 0 0 0 0 0 0 0 0 0 0 0 0 0 0 0 0 0 0 0 0 0 0 0 0 0 0 0 0 0 0 0 0 0 0 0 0 0 0 0 0 0 0 0 0 0 0 0 0 0 0 0 0 0 0 0 0 0 0 0 0 0 0 0 0 0 0 0 0 0 0 0 0 0 0 0 0 0 0 0 0 0 0 0 0 0 0 0 0 0 0 0 0 0 0 0 0 0 0 0 0 0 0 0 0 0 0 0 0 0 0 0 0 0 0 0 0 830405 0 95 0 3 326 0 0 0 16 0 0 0 0 318 646383 4 0 13 18 207 46 2119 0 0 0 0 0 0 0 10 0 5 0 0 0 0 0 0 0 0 0 2029 0 0 0 0 0 0 0 0 0 0
ctxt 530713409
btime 1543839747
processes 186439
procs_running 1
procs_blocked 0
softirq 83851662 19751197 21827754 272319 664742 4690245 152425 1333942 19707318 0 15451720
