cpu  4299372 448587 2393771 6802792 45116 576 272586 0 0 0
cpu0 544566 103062 237949 6548615 43861 100 5635 0 0 0
cpu1 242313 65563 90455 37001 92 16 3286 0 0 0
cpu2 138032 36362 59562 37550 59 9 1821 0 0 0
cpu3 26147 5269 14950 37874 84 1 819 0 0 0
cpu4 1396551 77096 816918 33493 418 175 136761 0 0 0
cpu5 1231010 66380 673906 35426 337 137 96945 0 0 0
cpu6 434005 53418 285106 35632 198 61 17028 0 0 0
cpu7 286748 41437 214925 37201 67 77 10291 0 0 0
intr 95723716 0 0 0 0 0 0 0 0 0 0 0 0 0 0 0 0 0 0 0 0 13417590 0 0 0 0 0 0 0 0 0 0 0 0 0 0 0 0 0 0 9225988 0 0 0 0 0 0 0 420 0 0 0 0 0 0 0 0 0 445003 8 5 0 3 0 0 0 1143525 0 0 0 0 0 0 0 0 0 0 77910 0 0 0 0 2655 3307 32 3 0 0 2680 0 8037 0 0 0 0 0 0 0 0 0 0 0 0 0 0 268747 0 0 0 0 0 1 0 0 0 0 0 0 0 0 0 0 0 0 0 0 0 0 0 3721834 0 1314759 374665 0 0 0 0 0 0 0 0 1 0 0 0 0 0 0 0 0 0 0 0 0 0 0 5082921 0 134628 0 0 0 0 0 0 0 0 1276762 0 0 0 17767 0 0 0 178643 5 0 1315414 1775449 0 0 0 0 0 0 0 0 0 0 0 0 0 0 0 0 0 0 0 0 0 3437058 0 0 6808 0 0 0 0 0 0 0 0 0 0 0 46998 6524 0 0 0 0 0 9720 0 0 0 0 0 0 0 0 0 0 0 0 0 0 0 0 0 78277 0 0 0 0 0 0 0 0 0 0 0 0 20714 0 0 0 0 0 0 0 0 0 0 0 0 0 0 0 0 0 0 0 0 0 0 0 0 0 0 0 0 0 0 0 0 0 0 0 0 0 0 0 0 0 0 0 0 0 0 0 0 0 0 0 0 0 0 0 0 0 0 0 0 0 0 0 0 0 0 0 0 0 0 0 0 0 0 0 0 0 0 0 0 0 0 0 0 0 0 0 0 0 0 0 0 0 0 0 0 0 0 474 0 4520 0 0 0 93 92 0 0 0 0 0 0 0 0 0 0 0 0 0 0 0 0 0 0 0 1 1 0 0 0 0 0 0 0 0 0 6028 72143 0 0 0 0 0 0 0 0 0 0 0 0 0 0 0 0 0 0 0 0 0 0 0 0 0 0 0 0 0 0 0 0 0 0 0 0 0 0 0 0 0 0 0 0 0 0 0 0 0 0 0 0 0 0 0 0 0 0 0 0 0 0 0 0 0 0 0 0 0 0 0 0 0 0 0 0 0 0 0 0 0 0 0 0 0 0 0 0 0 0 0 0 0 0 0 0 0 20 0 0 1 1 0 0 0 0 0 0 0 0 0 0 0 0 0 0 0 0 0 0 0 0 0 0 0 0 0 0 0 0 0 0 1 1 0 0 0 0 0 0 0 0 0 0 0 0 0 0 0 0 0 0 0 0 0 0 0 0 0 0 0 0 0 14 39
ctxt 321642266
btime 1545292475
processes 211488
procs_running 1
procs_blocked 0
softirq 47081606 62098 12200629 73185 476521 55538 55538 3905453 13815043 24990 16412611
