cpu  4645814 1175679 4674112 18400165 63989 582536 411720 0 0 0
cpu0 1433021 252930 1491705 16507008 62874 270254 205093 0 0 0
cpu1 1101603 287156 1094197 229249 413 97061 71008 0 0 0
cpu2 869294 301695 916334 228349 367 73852 65408 0 0 0
cpu3 871193 241177 919542 225397 272 78196 65444 0 0 0
cpu4 113050 26957 79066 302484 14 6294 1211 0 0 0
cpu5 96606 24971 65169 302630 15 2778 1140 0 0 0
cpu6 84116 21555 55903 302576 14 51506 1463 0 0 0
cpu7 76931 19238 52196 302472 20 2595 953 0 0 0
intr 324048679 0 0 0 72086002 0 7733706 8 4 4 0 0 1364 0 0 0 0 688371 0 0 117 0 0 0 0 0 0 221 0 0 0 0 0 4 0 409608 105749 11 11 0 71344 0 0 0 0 0 0 24 2560 0 118173 4517012 1560093 13795489 11 316030 48620 5688252 0 0 152 0 0 0 0 1 0 0 0 0 0 0 0 0 0 0 0 0 0 0 0 0 0 0 0 0 0 0 0 0 0 0 0 0 0 0 0 0 0 0 0 0 0 0 0 0 0 0 0 0 0 0 2 55701 30 329589 494287 271082 0 0 0 0 0 307336 289 0 0 0 0 0 89 321212 0 0 0 0 0 0 0 0 0 0 0 0 0 0 0 0 0 0 0 0 0 0 0 0 0 0 0 0 0 0 0 0 0 0 0 0 0 0 0 0 0 0 0 0 0 0 0 0 0 0 0 0 1 0 1 284 1 15 1 5464 746 18121 3 150305 222291 0 0 449801 0 0 3603352 0 0 0 0 0 0 0 0 0 0 0 0 11202 0 0 0 0 0 0 0 0 0 0 18 0 0 0 0 0 0 0 0 0 0 0 0 0 0 0 0 0 0 0 0 0 0 0 792 0 0 0 0 0 0 0 4163 0 0 0 0 0 0 0 0 0 0 0 0 0 0 0 0 0 0 0 0 0 0 0 0 0 0 0 0 0 0 0 0 0 0 0 0 0 2475 0 0 0 17436 0 0 0 0 0 0 0 0 0 0 0 0 0 0 0 0 0 0 0 0 0 0 0 0 18980 0 0 0 84576 0 0 0 0 0 0 0 0 0 0 0 0 0 0 0 0 0 0 0 0 0 0 0 0 0 0 0 5533218 10838 40 1102251 0 12461 169853 0 0 0 0 86 0 86 0 0 0 0 0 0 0 0 0 0 0 0 0 0 0 0 0 0 0 0 0 0 0 0 0 0 0 0 0 0 0 0 0 0 0 0 0 0 0 0 0 0 0 0 0 0 0 0 0 0 0 0 0 0 0 0 0 0 0 0 0 0 0 0 0 0 0 0 0 0 0 0 0 0 0 0 0 0 0 0 0 0 0 0 0 0 0 0 0 0 0 0 0 0 0 0 0 0 0 0 0 0 0 0 0 0 0 0 0 0 0 0 0 0 0 0 0 0 0 0 0 0 0 0 0 0 0 0 1 0 0 1555 0 681 0 0 0 0 0 0 0 0 0 0 0 0 0 1446 59 59 0 77 44 2841 77 0 0 0 0 0 0 0 0 0 11 1618 11108 245080 0 532 1 2 2 0 0 0 0 0 0 0 0 0 0 0 0 0 0 0 0 0 0 0 0 0 0 0 0 0 0 0 0 0 0 1 1 0 0 0 0 0 0 0 0 0 0 0 0 0 0 0 0 0 0 0 0 0 0 0 0 0 0 0 0 0 0 1 1 0 0 0 0 0 0 0 0 0 0 0 0 0 0 0 0 0 0 0 0 0 0 0 0 0 0 0 0 0 0 0 0 0 0 0 0 0 0 0 0 0 0 0 0 0 0 0 0 0 0 0 0 0 0 0 0 0 0 0 0 0 0 0 0 0 0 0 0 0 0 0 0 0 0 0 0 0 0 0 0 0 0 0 0 0 0 0 0 0 0 0 0 0 0 0 0 0 0 0 0 0 0 0 0 0 0 0 0 0 0 0 0 0 0 0 0 0 0 0 0 0 0 0 0 0 833362 0 95 0 3 341 0 0 0 16 0 0 0 0 320 650510 4 0 13 18 207 46 2119 0 0 0 0 0 0 0 10 0 5 0 0 0 0 0 0 0 0 0 2029 0 0 0 0 0 0 0 0 0 0
ctxt 535852909
btime 1543839747
processes 186742
procs_running 1
procs_blocked 0
softirq 85023808 20059699 22129705 272861 664910 4703385 152425 1339657 20012684 0 15688482
