cpu  4307622 449206 2399310 7889983 45544 578 272708 0 0 0
cpu0 544833 103181 238154 6685916 43906 100 5636 0 0 0
cpu1 242375 65580 90488 175099 93 16 3288 0 0 0
cpu2 138034 36374 59564 175756 60 9 1822 0 0 0
cpu3 26148 5269 14952 176093 84 1 819 0 0 0
cpu4 1400978 77274 819796 161904 777 175 136826 0 0 0
cpu5 1233700 66520 675694 167839 353 139 96989 0 0 0
cpu6 434406 53488 285431 172876 202 61 17035 0 0 0
cpu7 287148 41520 215231 174500 69 77 10293 0 0 0
intr 95946551 0 0 0 0 0 0 0 0 0 0 0 0 0 0 0 0 0 0 0 0 13451067 0 0 0 0 0 0 0 0 0 0 0 0 0 0 0 0 0 0 9352408 0 0 0 0 0 0 0 423 0 0 0 0 0 0 0 0 0 445292 8 5 0 3 0 0 0 1143528 0 0 0 0 0 0 0 0 0 0 77910 0 0 0 0 2655 3307 32 3 0 0 2680 0 8037 0 0 0 0 0 0 0 0 0 0 0 0 0 0 268747 0 0 0 0 0 1 0 0 0 0 0 0 0 0 0 0 0 0 0 0 0 0 0 3722223 0 1317422 374665 0 0 0 0 0 0 0 0 1 0 0 0 0 0 0 0 0 0 0 0 0 0 0 5093713 0 134628 0 0 0 0 0 0 0 0 1291136 0 0 0 17771 0 0 0 178645 5 0 1315414 1775449 0 0 0 0 0 0 0 0 0 0 0 0 0 0 0 0 0 0 0 0 0 3447460 0 0 6820 0 0 0 0 0 0 0 0 0 0 0 46999 6524 0 0 0 0 0 9720 0 0 0 0 0 0 0 0 0 0 0 0 0 0 0 0 0 78303 0 0 0 0 0 0 0 0 0 0 0 0 20714 0 0 0 0 0 0 0 0 0 0 0 0 0 0 0 0 0 0 0 0 0 0 0 0 0 0 0 0 0 0 0 0 0 0 0 0 0 0 0 0 0 0 0 0 0 0 0 0 0 0 0 0 0 0 0 0 0 0 0 0 0 0 0 0 0 0 0 0 0 0 0 0 0 0 0 0 0 0 0 0 0 0 0 0 0 0 0 0 0 0 0 0 0 0 0 0 0 0 474 0 4520 0 0 0 93 92 0 0 0 0 0 0 0 0 0 0 0 0 0 0 0 0 0 0 0 1 1 0 0 0 0 0 0 0 0 0 6054 72143 0 0 0 0 0 0 0 0 0 0 0 0 0 0 0 0 0 0 0 0 0 0 0 0 0 0 0 0 0 0 0 0 0 0 0 0 0 0 0 0 0 0 0 0 0 0 0 0 0 0 0 0 0 0 0 0 0 0 0 0 0 0 0 0 0 0 0 0 0 0 0 0 0 0 0 0 0 0 0 0 0 0 0 0 0 0 0 0 0 0 0 0 0 0 0 0 0 20 0 0 1 1 0 0 0 0 0 0 0 0 0 0 0 0 0 0 0 0 0 0 0 0 0 0 0 0 0 0 0 0 0 0 1 1 0 0 0 0 0 0 0 0 0 0 0 0 0 0 0 0 0 0 0 0 0 0 0 0 0 0 0 0 0 14 39
ctxt 322662360
btime 1545292475
processes 212039
procs_running 1
procs_blocked 0
softirq 47304506 62100 12271335 73323 476521 55538 55538 3912666 13886626 25100 16485759
