cpu  4656982 1181994 4681674 18670551 64223 583701 412581 0 0 0
cpu0 1438350 254094 1494144 16533863 62908 270753 205466 0 0 0
cpu1 1104296 288872 1096311 258914 519 97357 71158 0 0 0
cpu2 870886 303409 917757 260281 399 74033 65539 0 0 0
cpu3 872626 242831 921025 257261 331 78385 65650 0 0 0
cpu4 113105 26994 79110 339935 14 6294 1212 0 0 0
cpu5 96632 24983 65192 340161 15 2778 1140 0 0 0
cpu6 84135 21567 55928 340109 16 51506 1463 0 0 0
cpu7 76952 19244 52207 340027 21 2595 953 0 0 0
intr 324573518 0 0 0 72198094 0 7752336 8 4 4 0 0 1366 0 0 0 0 689687 0 0 117 0 0 0 0 0 0 221 0 0 0 0 0 4 0 410064 105865 11 11 0 71444 0 0 0 0 0 0 24 2560 0 118282 4519874 1560243 13833068 11 316030 48620 5693677 0 0 152 0 0 0 0 1 0 0 0 0 0 0 0 0 0 0 0 0 0 0 0 0 0 0 0 0 0 0 0 0 0 0 0 0 0 0 0 0 0 0 0 0 0 0 0 0 0 0 0 0 0 0 2 55856 30 329723 494670 271196 0 0 0 0 0 307416 289 0 0 0 0 0 89 321212 0 0 0 0 0 0 0 0 0 0 0 0 0 0 0 0 0 0 0 0 0 0 0 0 0 0 0 0 0 0 0 0 0 0 0 0 0 0 0 0 0 0 0 0 0 0 0 0 0 0 0 0 1 0 1 284 1 15 1 5464 746 18121 3 150305 222291 0 0 449801 0 0 3607106 0 0 0 0 0 0 0 0 0 0 0 0 11202 0 0 0 0 0 0 0 0 0 0 18 0 0 0 0 0 0 0 0 0 0 0 0 0 0 0 0 0 0 0 0 0 0 0 794 0 0 0 0 0 0 0 4168 0 0 0 0 0 0 0 0 0 0 0 0 0 0 0 0 0 0 0 0 0 0 0 0 0 0 0 0 0 0 0 0 0 0 0 0 0 2480 0 0 0 17436 0 0 0 0 0 0 0 0 0 0 0 0 0 0 0 0 0 0 0 0 0 0 0 0 18980 0 0 0 84639 0 0 0 0 0 0 0 0 0 0 0 0 0 0 0 0 0 0 0 0 0 0 0 0 0 0 0 5538012 10864 40 1103160 0 12487 169853 0 0 0 0 87 0 87 0 0 0 0 0 0 0 0 0 0 0 0 0 0 0 0 0 0 0 0 0 0 0 0 0 0 0 0 0 0 0 0 0 0 0 0 0 0 0 0 0 0 0 0 0 0 0 0 0 0 0 0 0 0 0 0 0 0 0 0 0 0 0 0 0 0 0 0 0 0 0 0 0 0 0 0 0 0 0 0 0 0 0 0 0 0 0 0 0 0 0 0 0 0 0 0 0 0 0 0 0 0 0 0 0 0 0 0 0 0 0 0 0 0 0 0 0 0 0 0 0 0 0 0 0 0 0 0 1 0 0 1555 0 681 0 0 0 0 0 0 0 0 0 0 0 0 0 1446 59 59 0 77 44 2842 77 0 0 0 0 0 0 0 0 0 11 1618 11108 245128 0 532 1 2 2 0 0 0 0 0 0 0 0 0 0 0 0 0 0 0 0 0 0 0 0 0 0 0 0 0 0 0 0 0 0 1 1 0 0 0 0 0 0 0 0 0 0 0 0 0 0 0 0 0 0 0 0 0 0 0 0 0 0 0 0 0 0 1 1 0 0 0 0 0 0 0 0 0 0 0 0 0 0 0 0 0 0 0 0 0 0 0 0 0 0 0 0 0 0 0 0 0 0 0 0 0 0 0 0 0 0 0 0 0 0 0 0 0 0 0 0 0 0 0 0 0 0 0 0 0 0 0 0 0 0 0 0 0 0 0 0 0 0 0 0 0 0 0 0 0 0 0 0 0 0 0 0 0 0 0 0 0 0 0 0 0 0 0 0 0 0 0 0 0 0 0 0 0 0 0 0 0 0 0 0 0 0 0 0 0 0 0 0 0 839079 0 95 0 3 342 0 0 0 16 0 0 0 0 320 651026 4 0 13 18 207 46 2121 0 0 0 0 0 0 0 10 0 5 0 0 0 0 0 0 0 0 0 2032 0 0 0 0 0 0 0 0 0 0
ctxt 536645828
btime 1543839747
processes 186893
procs_running 1
procs_blocked 0
softirq 85191693 20100267 22178534 272974 665124 4707606 152425 1340151 20057286 0 15717326
