cpu  4593822 1127794 4631825 17217027 63227 576212 406537 0 0 0
cpu0 1416297 244359 1480628 16382446 62715 267923 203878 0 0 0
cpu1 1088768 275684 1084161 100926 182 95846 70613 0 0 0
cpu2 857894 288424 906058 100631 161 72590 64457 0 0 0
cpu3 860907 227169 909344 99312 125 76680 62825 0 0 0
cpu4 112888 26841 78887 133325 9 6294 1208 0 0 0
cpu5 96428 24813 65016 133506 10 2778 1140 0 0 0
cpu6 83912 21404 55721 133496 9 51506 1463 0 0 0
cpu7 76728 19100 52010 133385 16 2595 953 0 0 0
intr 320445210 0 0 0 71250350 0 7713057 8 4 4 0 0 1364 0 0 0 0 682444 0 0 117 0 0 0 0 0 0 221 0 0 0 0 0 4 0 409608 105749 11 11 0 70913 0 0 0 0 0 0 24 2560 0 117625 4517012 1558217 13506692 11 316030 48620 5671593 0 0 152 0 0 0 0 1 0 0 0 0 0 0 0 0 0 0 0 0 0 0 0 0 0 0 0 0 0 0 0 0 0 0 0 0 0 0 0 0 0 0 0 0 0 0 0 0 0 0 0 0 0 0 2 55197 30 329478 490107 269941 0 0 0 0 0 307289 289 0 0 0 0 0 89 321212 0 0 0 0 0 0 0 0 0 0 0 0 0 0 0 0 0 0 0 0 0 0 0 0 0 0 0 0 0 0 0 0 0 0 0 0 0 0 0 0 0 0 0 0 0 0 0 0 0 0 0 0 1 0 1 284 1 15 1 5464 746 18121 3 150305 222291 0 0 449801 0 0 3570253 0 0 0 0 0 0 0 0 0 0 0 0 11202 0 0 0 0 0 0 0 0 0 0 18 0 0 0 0 0 0 0 0 0 0 0 0 0 0 0 0 0 0 0 0 0 0 0 782 0 0 0 0 0 0 0 4163 0 0 0 0 0 0 0 0 0 0 0 0 0 0 0 0 0 0 0 0 0 0 0 0 0 0 0 0 0 0 0 0 0 0 0 0 0 2475 0 0 0 17436 0 0 0 0 0 0 0 0 0 0 0 0 0 0 0 0 0 0 0 0 0 0 0 0 18980 0 0 0 84576 0 0 0 0 0 0 0 0 0 0 0 0 0 0 0 0 0 0 0 0 0 0 0 0 0 0 0 5488572 10711 40 1100295 0 12461 169853 0 0 0 0 86 0 86 0 0 0 0 0 0 0 0 0 0 0 0 0 0 0 0 0 0 0 0 0 0 0 0 0 0 0 0 0 0 0 0 0 0 0 0 0 0 0 0 0 0 0 0 0 0 0 0 0 0 0 0 0 0 0 0 0 0 0 0 0 0 0 0 0 0 0 0 0 0 0 0 0 0 0 0 0 0 0 0 0 0 0 0 0 0 0 0 0 0 0 0 0 0 0 0 0 0 0 0 0 0 0 0 0 0 0 0 0 0 0 0 0 0 0 0 0 0 0 0 0 0 0 0 0 0 0 0 1 0 0 1555 0 680 0 0 0 0 0 0 0 0 0 0 0 0 0 1446 59 59 0 77 44 2841 77 0 0 0 0 0 0 0 0 0 11 1618 11108 244960 0 532 1 2 2 0 0 0 0 0 0 0 0 0 0 0 0 0 0 0 0 0 0 0 0 0 0 0 0 0 0 0 0 0 0 1 1 0 0 0 0 0 0 0 0 0 0 0 0 0 0 0 0 0 0 0 0 0 0 0 0 0 0 0 0 0 0 1 1 0 0 0 0 0 0 0 0 0 0 0 0 0 0 0 0 0 0 0 0 0 0 0 0 0 0 0 0 0 0 0 0 0 0 0 0 0 0 0 0 0 0 0 0 0 0 0 0 0 0 0 0 0 0 0 0 0 0 0 0 0 0 0 0 0 0 0 0 0 0 0 0 0 0 0 0 0 0 0 0 0 0 0 0 0 0 0 0 0 0 0 0 0 0 0 0 0 0 0 0 0 0 0 0 0 0 0 0 0 0 0 0 0 0 0 0 0 0 0 0 0 0 0 0 0 831442 0 95 0 3 327 0 0 0 16 0 0 0 0 318 646682 4 0 13 18 207 46 2119 0 0 0 0 0 0 0 10 0 5 0 0 0 0 0 0 0 0 0 2029 0 0 0 0 0 0 0 0 0 0
ctxt 531027512
btime 1543839747
processes 186465
procs_running 2
procs_blocked 0
softirq 83921545 19769729 21845785 272351 664752 4691106 152425 1334354 19725570 0 15465473
