cpu  3054584 324026 1520833 11135653 1227 0 20970 0 0 0
cpu0 1071846 55749 513210 9638638 986 0 10838 0 0 0
cpu1 774711 51698 384299 207251 30 0 4764 0 0 0
cpu2 586888 84667 307372 206697 51 0 3905 0 0 0
cpu3 499943 69244 264576 207045 62 0 1104 0 0 0
cpu4 58575 25630 21547 212557 28 0 196 0 0 0
cpu5 22344 14244 9910 219322 25 0 86 0 0 0
cpu6 17031 10752 8881 222048 12 0 44 0 0 0
cpu7 23244 12039 11036 222092 30 0 30 0 0 0
intr 184868063 0 0 0 51460516 0 14327566 3 0 0 1132 0 0 0 0 0 0 0 0 0 0 0 0 0 0 0 0 0 0 0 0 0 0 0 0 0 0 0 0 0 0 1392 119700 1608 3659875 166974 0 0 10381 0 0 0 0 0 0 0 3515 3178953 117 16442694 0 0 0 0 19201 6261095 1248186 32884 504746 505204 0 193752 2372112 0 31136 0 0 0 0 0 0 0 14728 6297 0 0 0 0 0 0 0 0 0 0 0 0 0 0 0 0 0 0 0 0 0 0 0 0 0 0 3531875 0 117 0 0 0 0 0 1 0 0 0 0 0 0 0 0 0 0 0 0 0 0 0 0 0 0 0 0 0 0 0 0 0 0 0 0 0 0 0 0 0 0 0 0 0 0 0 0 0 0 0 0 0 0 0 0 0 0 0 0 0 0 0 0 0 0 0 0 0 0 0 0 0 0 0 0 0 0 0 0 0 0 0 0 0 0 0 0 0 0 0 0 0 0 0 0 0 0 0 0 0 0 0 0 0 0 0 0 0 0 0 0 0 0 0 0 0 0 0 0 0 0 0 0 0 0 0 0 0 0 0 0 0 0 0 0 0 0 0 0 0 0 0 0 0 0 0 0 0 0 0 0 0 0 0 0 0 0 0 0 0 0 0 0 0 0 0 0 0 0 0 0 0 0 0 0 0 0 0 0 0 0 0 0 0 0 0 0 0 0 0 0 0 0 0 806636 7 0 0 0 0 0 0 0 0 0 0 0 0 0 2 0 0 0 1 0 0 0 0 0 0 0 15 68 0 168 0 662 17412 0 0 0 0 0 0 67 0 0 258 0 0 0 0 0 0 0 0 0 0 0 0 0 0 0 0 0 0 0 0 0 0 0 0 0 0 0 0 7 7 0 0 0 122 122 0 0 0 0 0 0 0 0 0 0 0 0 0 0 0 0 0 0 0 0 0 0 0 0 0 0 1 0 0 0 1 0 0 0 0 0 0 0 0 0 166 0 0 0 0 0 0 0 0 0 0 0 0 0 0 0 0 0 0 0 0 0 0 0 0 0 0 0 0 0 0 0 998519 0 161
ctxt 274923234
btime 1545217894
processes 70541
procs_running 2
procs_blocked 0
softirq 75935183 98374 22535283 1517 435853 400528 1498 8157104 23572724 0 20732302
