cpu  5026595 1257492 4976476 24343088 71816 617348 433078 0 0 0
cpu0 1549824 270850 1567756 17107237 64188 288888 211891 0 0 0
cpu1 1186836 309192 1163569 879280 2409 102130 74743 0 0 0
cpu2 945907 318636 982853 893083 1839 78812 69631 0 0 0
cpu3 948894 256807 988001 884228 1560 83746 71529 0 0 0
cpu4 120944 29819 86010 1140680 563 6294 1504 0 0 0
cpu5 102866 27545 70910 1144125 480 3377 1363 0 0 0
cpu6 89643 23592 60923 1146343 417 51506 1464 0 0 0
cpu7 81681 21051 56454 1148112 360 2595 953 0 0 0
intr 346699569 0 0 0 77213770 0 7965615 8 4 4 0 0 1372 0 0 0 0 718935 0 0 117 0 0 0 0 0 0 222 0 0 0 0 0 14 0 430653 111974 11 11 0 75646 0 0 0 0 0 0 24 2560 0 120186 4774137 1573455 14274556 11 316030 48620 6067403 0 0 152 0 0 0 0 1 0 0 0 0 0 0 0 0 0 0 0 0 0 0 0 0 0 0 0 0 0 0 0 0 0 0 0 0 0 0 0 0 0 0 0 0 0 0 0 0 0 0 0 0 0 0 2 59819 30 339903 511709 276135 0 0 0 0 0 314360 289 0 0 0 0 0 89 326342 0 0 0 0 0 0 0 0 0 0 0 0 0 0 0 0 0 0 0 0 0 0 0 0 0 0 0 0 0 0 0 0 0 0 0 0 0 0 0 0 0 0 0 0 0 0 0 0 0 0 0 0 1 0 1 371 1 15 1 5732 1474 19277 3 159050 251021 0 0 449801 0 0 4096379 0 0 0 0 0 0 0 0 0 0 0 0 11874 0 0 0 0 0 0 0 0 0 0 18 0 0 0 0 0 0 0 0 0 0 0 0 0 0 0 0 0 0 0 0 0 0 0 807 0 0 0 0 0 0 0 4300 0 0 0 0 0 0 0 0 0 0 0 0 0 0 0 0 0 0 0 0 0 0 0 0 0 0 0 0 0 0 0 0 0 0 0 0 0 2634 0 0 0 18507 0 0 0 0 0 0 0 0 0 0 0 0 0 0 0 0 0 0 0 0 0 0 0 0 19266 0 0 0 85072 0 0 0 0 0 0 0 0 0 0 0 0 0 0 0 0 0 0 0 0 0 0 0 0 0 0 0 6188146 11021 40 1116095 0 13287 180716 0 0 0 0 87 0 87 0 0 0 0 0 0 0 0 0 0 0 0 0 0 0 0 0 0 0 0 0 0 0 0 0 0 0 0 0 0 0 0 0 0 0 0 0 0 0 0 0 0 0 0 0 0 0 0 0 0 0 0 0 0 0 0 0 0 0 0 0 0 0 0 0 0 0 0 0 0 0 0 0 0 0 0 0 0 0 0 0 0 0 0 0 0 0 0 0 0 0 0 0 0 0 0 0 0 0 0 0 0 0 0 0 0 0 0 0 0 0 0 0 0 0 0 0 0 0 0 0 0 0 0 0 0 0 0 1 0 0 1558 0 682 0 0 0 0 0 0 0 0 0 0 0 0 0 1484 59 59 0 77 44 2872 77 0 0 0 0 0 0 0 0 0 11 1674 11131 255059 0 532 1 2 2 0 0 0 0 0 0 0 0 0 0 0 0 0 0 0 0 0 0 0 0 0 0 0 0 0 0 0 0 0 0 1 1 0 0 0 0 0 0 0 0 0 0 0 0 0 0 0 0 0 0 0 0 0 0 0 0 0 0 0 0 0 0 1 1 0 0 0 0 0 0 0 0 0 0 0 0 0 0 0 0 0 0 0 0 0 0 0 0 0 0 0 0 0 0 0 0 0 0 0 0 0 0 0 0 0 0 0 0 0 0 0 0 0 0 0 0 0 0 0 0 0 0 0 0 0 0 0 0 0 0 0 0 0 0 0 0 0 0 0 0 0 0 0 0 0 0 0 0 0 0 0 0 0 0 0 0 0 0 0 0 0 0 0 0 0 0 0 0 0 0 0 0 0 0 0 0 0 0 0 0 0 0 0 0 0 0 0 0 0 906789 0 98 0 4 343 0 0 0 17 0 0 0 0 326 656119 4 0 13 20 217 46 2233 0 0 0 0 0 0 0 11 0 6 0 0 0 0 0 0 0 0 0 2050 0 0 0 0 0 0 0 0 0 0
ctxt 569083783
btime 1543839747
processes 192728
procs_running 4
procs_blocked 0
softirq 90124864 20810330 23557867 275435 682238 5038306 152425 1368626 21414089 0 16825548
