cpu  3107400 331843 1546400 11533352 1462 0 21290 0 0 0
cpu0 1082052 56485 519225 9680710 1002 0 11106 0 0 0
cpu1 784213 52649 390007 251084 48 0 4776 0 0 0
cpu2 595276 85584 312386 252158 75 0 3914 0 0 0
cpu3 507974 70378 268874 253506 93 0 1114 0 0 0
cpu4 68287 26783 23627 260640 77 0 202 0 0 0
cpu5 25346 16254 10857 274633 58 0 93 0 0 0
cpu6 18856 11311 9599 280286 44 0 49 0 0 0
cpu7 25394 12396 11822 280333 62 0 32 0 0 0
intr 188197407 0 0 0 52163887 0 14372716 3 0 0 1136 0 0 0 0 0 0 0 0 0 0 0 0 0 0 0 0 0 0 0 0 0 0 0 0 0 0 0 0 0 0 1392 130286 2108 3687243 174280 0 0 10381 798 0 0 0 0 0 0 3545 3223286 125 16599845 0 0 0 0 19201 6284496 1280948 35190 512120 507920 0 208104 2732938 0 60308 0 0 0 336 0 0 0 14728 6297 0 0 0 0 0 0 0 0 0 0 0 0 0 0 0 0 0 0 0 0 0 0 0 0 0 0 3579232 0 4667 0 0 0 0 0 1 0 0 0 0 0 0 0 0 0 0 0 0 0 0 0 0 0 0 0 0 0 0 0 0 0 0 0 0 0 0 0 0 0 0 0 0 0 0 0 0 0 0 0 0 0 0 0 0 0 0 0 0 0 0 0 0 0 0 0 0 0 0 0 0 0 0 0 0 0 0 0 0 0 0 0 0 0 0 0 0 0 0 0 0 0 0 0 0 0 0 0 0 0 0 0 0 0 0 0 0 0 0 0 0 0 0 0 0 0 0 0 0 0 0 0 0 0 0 0 0 0 0 0 0 0 0 0 0 0 0 0 0 0 0 0 0 0 0 0 0 0 0 0 0 0 0 0 0 0 0 0 0 0 0 0 0 0 0 0 0 0 0 0 0 0 0 0 0 0 0 0 0 0 0 0 0 0 0 0 0 0 0 0 0 0 0 0 808933 7 0 0 0 0 0 0 0 0 0 0 0 1 0 3 0 0 0 1 0 0 0 0 0 0 0 15 68 0 169 0 662 18159 0 0 0 0 0 0 67 0 0 266 0 0 0 0 0 0 0 0 0 0 0 0 0 0 0 0 0 0 0 0 0 0 0 0 0 0 0 0 7 7 0 0 0 126 126 0 0 0 0 0 0 0 0 0 0 0 0 0 0 0 0 0 0 0 0 0 0 0 0 0 0 2 0 0 0 1 0 0 0 0 0 0 0 0 0 166 0 0 0 0 0 0 0 0 0 0 0 0 0 0 0 0 0 0 0 0 0 0 0 0 0 0 0 0 0 0 0 1054547 0 161
ctxt 280707976
btime 1545217894
processes 74263
procs_running 1
procs_blocked 0
softirq 77217318 105550 22858877 1518 436820 407248 1498 8416871 23892871 0 21096065
