cpu  3130674 340172 1577313 11709530 1309 0 21525 0 0 0
cpu0 1086829 57858 527350 10009125 1090 0 11268 0 0 0
cpu1 788798 54136 396190 240370 24 0 4799 0 0 0
cpu2 599876 87285 319127 239563 42 0 3933 0 0 0
cpu3 512668 71974 275766 239497 46 0 1127 0 0 0
cpu4 69908 27644 24859 244490 28 0 209 0 0 0
cpu5 26400 16728 11469 245491 24 0 100 0 0 0
cpu6 19782 11742 10128 245554 26 0 52 0 0 0
cpu7 26412 12801 12421 245437 26 0 35 0 0 0
intr 190271492 0 0 0 52576098 0 14578892 3 0 0 1227 0 0 0 0 0 0 0 0 0 0 0 0 0 0 0 0 0 0 0 0 0 0 0 0 0 0 0 0 0 0 1560 135850 2152 3930334 179264 0 0 11524 1719 0 0 0 0 0 0 5495 3235045 130 16641392 0 0 0 0 55116 6284496 1334168 40744 519932 528422 0 208802 2770668 0 60334 0 0 0 681 0 0 0 14728 6297 0 0 0 0 0 0 0 0 0 0 0 0 0 0 0 0 0 0 0 0 0 0 0 0 0 0 3593887 0 4673 0 0 0 0 0 1 0 0 0 0 0 0 0 0 0 0 0 0 0 0 0 0 0 0 0 0 0 0 0 0 0 0 0 0 0 0 0 0 0 0 0 0 0 0 0 0 0 0 0 0 0 0 0 0 0 0 0 0 0 0 0 0 0 0 0 0 0 0 0 0 0 0 0 0 0 0 0 0 0 0 0 0 0 0 0 0 0 0 0 0 0 0 0 0 0 0 0 0 0 0 0 0 0 0 0 0 0 0 0 0 0 0 0 0 0 0 0 0 0 0 0 0 0 0 0 0 0 0 0 0 0 0 0 0 0 0 0 0 0 0 0 0 0 0 0 0 0 0 0 0 0 0 0 0 0 0 0 0 0 0 0 0 0 0 0 0 0 0 0 0 0 0 0 0 0 0 0 0 0 0 0 0 0 0 0 0 0 0 0 0 0 0 0 808933 7 0 0 0 0 0 0 0 0 0 0 0 20 0 4 0 0 0 1 0 0 0 0 0 0 0 17 68 0 175 0 662 18705 0 0 0 0 0 0 76 0 0 274 0 0 0 0 0 0 0 0 0 0 0 0 0 0 0 0 0 0 0 0 0 0 0 0 0 0 0 0 8 8 0 0 0 129 129 0 0 0 0 0 0 0 0 0 0 0 0 0 0 0 0 0 0 0 0 0 0 0 0 0 0 2 0 0 0 1 0 0 0 0 0 0 0 0 0 172 0 0 0 0 0 0 0 0 0 0 0 0 0 0 0 0 0 0 0 0 0 0 0 0 0 0 0 0 0 0 0 1083812 0 531
ctxt 284402385
btime 1545217894
processes 77182
procs_running 1
procs_blocked 0
softirq 78363880 108566 23210732 4185 436820 423939 4165 8496652 24237643 0 21441178
