cpu  5051547 1260396 4997016 24866574 72154 619954 434729 0 0 0
cpu0 1558159 271450 1573308 17162218 64256 290191 212398 0 0 0
cpu1 1192524 310027 1168465 938450 2521 102489 75079 0 0 0
cpu2 951164 319370 987711 952375 1937 79210 69988 0 0 0
cpu3 954530 257528 993103 942757 1620 84292 71979 0 0 0
cpu4 120953 29819 86030 1213576 563 6294 1504 0 0 0
cpu5 102872 27554 70947 1216997 480 3377 1363 0 0 0
cpu6 89654 23593 60947 1219233 417 51506 1465 0 0 0
cpu7 81691 21055 56505 1220968 360 2595 953 0 0 0
intr 347808888 0 0 0 77416806 0 7985820 8 4 4 0 0 1372 0 0 0 0 721482 0 0 117 0 0 0 0 0 0 222 0 0 0 0 0 14 0 430653 111974 11 11 0 75743 0 0 0 0 0 0 24 2560 0 120377 4774137 1573455 14305142 11 316030 48620 6074347 0 0 152 0 0 0 0 1 0 0 0 0 0 0 0 0 0 0 0 0 0 0 0 0 0 0 0 0 0 0 0 0 0 0 0 0 0 0 0 0 0 0 0 0 0 0 0 0 0 0 0 0 0 0 2 60006 30 339989 513435 276620 0 0 0 0 0 314399 289 0 0 0 0 0 89 327517 0 0 0 0 0 0 0 0 0 0 0 0 0 0 0 0 0 0 0 0 0 0 0 0 0 0 0 0 0 0 0 0 0 0 0 0 0 0 0 0 0 0 0 0 0 0 0 0 0 0 0 0 1 0 1 371 1 15 1 5732 1474 19277 3 159050 251021 0 0 449801 0 0 4119106 0 0 0 0 0 0 0 0 0 0 0 0 11874 0 0 0 0 0 0 0 0 0 0 18 0 0 0 0 0 0 0 0 0 0 0 0 0 0 0 0 0 0 0 0 0 0 0 808 0 0 0 0 0 0 0 4300 0 0 0 0 0 0 0 0 0 0 0 0 0 0 0 0 0 0 0 0 0 0 0 0 0 0 0 0 0 0 0 0 0 0 0 0 0 2634 0 0 0 18507 0 0 0 0 0 0 0 0 0 0 0 0 0 0 0 0 0 0 0 0 0 0 0 0 19266 0 0 0 85072 0 0 0 0 0 0 0 0 0 0 0 0 0 0 0 0 0 0 0 0 0 0 0 0 0 0 0 6232832 11033 40 1116803 0 13287 180716 0 0 0 0 87 0 87 0 0 0 0 0 0 0 0 0 0 0 0 0 0 0 0 0 0 0 0 0 0 0 0 0 0 0 0 0 0 0 0 0 0 0 0 0 0 0 0 0 0 0 0 0 0 0 0 0 0 0 0 0 0 0 0 0 0 0 0 0 0 0 0 0 0 0 0 0 0 0 0 0 0 0 0 0 0 0 0 0 0 0 0 0 0 0 0 0 0 0 0 0 0 0 0 0 0 0 0 0 0 0 0 0 0 0 0 0 0 0 0 0 0 0 0 0 0 0 0 0 0 0 0 0 0 0 0 1 0 0 1558 0 682 0 0 0 0 0 0 0 0 0 0 0 0 0 1484 59 59 0 77 44 2872 77 0 0 0 0 0 0 0 0 0 11 1674 11131 255059 0 532 1 2 2 0 0 0 0 0 0 0 0 0 0 0 0 0 0 0 0 0 0 0 0 0 0 0 0 0 0 0 0 0 0 1 1 0 0 0 0 0 0 0 0 0 0 0 0 0 0 0 0 0 0 0 0 0 0 0 0 0 0 0 0 0 0 1 1 0 0 0 0 0 0 0 0 0 0 0 0 0 0 0 0 0 0 0 0 0 0 0 0 0 0 0 0 0 0 0 0 0 0 0 0 0 0 0 0 0 0 0 0 0 0 0 0 0 0 0 0 0 0 0 0 0 0 0 0 0 0 0 0 0 0 0 0 0 0 0 0 0 0 0 0 0 0 0 0 0 0 0 0 0 0 0 0 0 0 0 0 0 0 0 0 0 0 0 0 0 0 0 0 0 0 0 0 0 0 0 0 0 0 0 0 0 0 0 0 0 0 0 0 0 914931 0 98 0 4 343 0 0 0 17 0 0 0 0 326 656418 4 0 13 20 217 46 2233 0 0 0 0 0 0 0 11 0 6 0 0 0 0 0 0 0 0 0 2050 0 0 0 0 0 0 0 0 0 0
ctxt 570805510
btime 1543839747
processes 192971
procs_running 2
procs_blocked 0
softirq 90424592 20841003 23654531 275655 682362 5043416 152425 1370793 21506588 0 16897819
