cpu  5053841 1260911 4998971 24915679 72227 620124 434846 0 0 0
cpu0 1558707 271604 1573780 17167615 64266 290314 212445 0 0 0
cpu1 1193008 310162 1168895 944094 2537 102502 75106 0 0 0
cpu2 951641 319442 988090 958090 1948 79244 70029 0 0 0
cpu3 955017 257594 993554 948357 1636 84292 71981 0 0 0
cpu4 121085 29848 86103 1220185 568 6294 1504 0 0 0
cpu5 102932 27576 71011 1223681 486 3377 1363 0 0 0
cpu6 89690 23617 60991 1225968 422 51506 1465 0 0 0
cpu7 81761 21068 56547 1227689 364 2595 953 0 0 0
intr 347981811 0 0 0 77460832 0 7987322 8 4 4 0 0 1372 0 0 0 0 721720 0 0 117 0 0 0 0 0 0 222 0 0 0 0 0 14 0 430959 112047 11 11 0 75793 0 0 0 0 0 0 24 2560 0 120392 4776248 1573463 14309014 11 316030 48620 6077955 0 0 152 0 0 0 0 1 0 0 0 0 0 0 0 0 0 0 0 0 0 0 0 0 0 0 0 0 0 0 0 0 0 0 0 0 0 0 0 0 0 0 0 0 0 0 0 0 0 0 0 0 0 0 2 60036 30 340118 513519 276667 0 0 0 0 0 314494 289 0 0 0 0 0 89 327680 0 0 0 0 0 0 0 0 0 0 0 0 0 0 0 0 0 0 0 0 0 0 0 0 0 0 0 0 0 0 0 0 0 0 0 0 0 0 0 0 0 0 0 0 0 0 0 0 0 0 0 0 1 0 1 371 1 15 1 5732 1474 19277 3 159050 251021 0 0 449801 0 0 4121478 0 0 0 0 0 0 0 0 0 0 0 0 11874 0 0 0 0 0 0 0 0 0 0 18 0 0 0 0 0 0 0 0 0 0 0 0 0 0 0 0 0 0 0 0 0 0 0 809 0 0 0 0 0 0 0 4301 0 0 0 0 0 0 0 0 0 0 0 0 0 0 0 0 0 0 0 0 0 0 0 0 0 0 0 0 0 0 0 0 0 0 0 0 0 2634 0 0 0 18507 0 0 0 0 0 0 0 0 0 0 0 0 0 0 0 0 0 0 0 0 0 0 0 0 19266 0 0 0 85072 0 0 0 0 0 0 0 0 0 0 0 0 0 0 0 0 0 0 0 0 0 0 0 0 0 0 0 6237259 11046 40 1116870 0 13287 180716 0 0 0 0 87 0 87 0 0 0 0 0 0 0 0 0 0 0 0 0 0 0 0 0 0 0 0 0 0 0 0 0 0 0 0 0 0 0 0 0 0 0 0 0 0 0 0 0 0 0 0 0 0 0 0 0 0 0 0 0 0 0 0 0 0 0 0 0 0 0 0 0 0 0 0 0 0 0 0 0 0 0 0 0 0 0 0 0 0 0 0 0 0 0 0 0 0 0 0 0 0 0 0 0 0 0 0 0 0 0 0 0 0 0 0 0 0 0 0 0 0 0 0 0 0 0 0 0 0 0 0 0 0 0 0 1 0 0 1558 0 682 0 0 0 0 0 0 0 0 0 0 0 0 0 1485 59 59 0 77 44 2873 77 0 0 0 0 0 0 0 0 0 11 1676 11131 255132 0 532 1 2 2 0 0 0 0 0 0 0 0 0 0 0 0 0 0 0 0 0 0 0 0 0 0 0 0 0 0 0 0 0 0 1 1 0 0 0 0 0 0 0 0 0 0 0 0 0 0 0 0 0 0 0 0 0 0 0 0 0 0 0 0 0 0 1 1 0 0 0 0 0 0 0 0 0 0 0 0 0 0 0 0 0 0 0 0 0 0 0 0 0 0 0 0 0 0 0 0 0 0 0 0 0 0 0 0 0 0 0 0 0 0 0 0 0 0 0 0 0 0 0 0 0 0 0 0 0 0 0 0 0 0 0 0 0 0 0 0 0 0 0 0 0 0 0 0 0 0 0 0 0 0 0 0 0 0 0 0 0 0 0 0 0 0 0 0 0 0 0 0 0 0 0 0 0 0 0 0 0 0 0 0 0 0 0 0 0 0 0 0 0 916922 0 98 0 4 343 0 0 0 17 0 0 0 0 326 656470 4 0 13 20 217 46 2234 0 0 0 0 0 0 0 11 0 6 0 0 0 0 0 0 0 0 0 2050 0 0 0 0 0 0 0 0 0 0
ctxt 571053222
btime 1543839747
processes 193103
procs_running 12
procs_blocked 0
softirq 90460746 20846999 23663984 275675 682586 5046484 152425 1370921 21516156 0 16905516
