cpu  4307333 449183 2399092 7853263 45537 578 272705 0 0 0
cpu0 544826 103175 238120 6681302 43904 100 5636 0 0 0
cpu1 242374 65580 90488 170428 93 16 3288 0 0 0
cpu2 138034 36374 59564 171083 60 9 1822 0 0 0
cpu3 26148 5269 14952 171420 84 1 819 0 0 0
cpu4 1400834 77263 819704 157542 772 175 136825 0 0 0
cpu5 1233603 66517 675635 163365 353 139 96987 0 0 0
cpu6 434388 53486 285414 168248 202 61 17035 0 0 0
cpu7 287126 41519 215215 169875 69 77 10293 0 0 0
intr 95938122 0 0 0 0 0 0 0 0 0 0 0 0 0 0 0 0 0 0 0 0 13448903 0 0 0 0 0 0 0 0 0 0 0 0 0 0 0 0 0 0 9348957 0 0 0 0 0 0 0 423 0 0 0 0 0 0 0 0 0 445284 8 5 0 3 0 0 0 1143528 0 0 0 0 0 0 0 0 0 0 77910 0 0 0 0 2655 3307 32 3 0 0 2680 0 8037 0 0 0 0 0 0 0 0 0 0 0 0 0 0 268747 0 0 0 0 0 1 0 0 0 0 0 0 0 0 0 0 0 0 0 0 0 0 0 3722161 0 1317269 374665 0 0 0 0 0 0 0 0 1 0 0 0 0 0 0 0 0 0 0 0 0 0 0 5093459 0 134628 0 0 0 0 0 0 0 0 1290258 0 0 0 17771 0 0 0 178645 5 0 1315414 1775449 0 0 0 0 0 0 0 0 0 0 0 0 0 0 0 0 0 0 0 0 0 3447058 0 0 6820 0 0 0 0 0 0 0 0 0 0 0 46999 6524 0 0 0 0 0 9720 0 0 0 0 0 0 0 0 0 0 0 0 0 0 0 0 0 78303 0 0 0 0 0 0 0 0 0 0 0 0 20714 0 0 0 0 0 0 0 0 0 0 0 0 0 0 0 0 0 0 0 0 0 0 0 0 0 0 0 0 0 0 0 0 0 0 0 0 0 0 0 0 0 0 0 0 0 0 0 0 0 0 0 0 0 0 0 0 0 0 0 0 0 0 0 0 0 0 0 0 0 0 0 0 0 0 0 0 0 0 0 0 0 0 0 0 0 0 0 0 0 0 0 0 0 0 0 0 0 0 474 0 4520 0 0 0 93 92 0 0 0 0 0 0 0 0 0 0 0 0 0 0 0 0 0 0 0 1 1 0 0 0 0 0 0 0 0 0 6054 72143 0 0 0 0 0 0 0 0 0 0 0 0 0 0 0 0 0 0 0 0 0 0 0 0 0 0 0 0 0 0 0 0 0 0 0 0 0 0 0 0 0 0 0 0 0 0 0 0 0 0 0 0 0 0 0 0 0 0 0 0 0 0 0 0 0 0 0 0 0 0 0 0 0 0 0 0 0 0 0 0 0 0 0 0 0 0 0 0 0 0 0 0 0 0 0 0 0 20 0 0 1 1 0 0 0 0 0 0 0 0 0 0 0 0 0 0 0 0 0 0 0 0 0 0 0 0 0 0 0 0 0 0 1 1 0 0 0 0 0 0 0 0 0 0 0 0 0 0 0 0 0 0 0 0 0 0 0 0 0 0 0 0 0 14 39
ctxt 322622585
btime 1545292475
processes 212007
procs_running 4
procs_blocked 0
softirq 47296472 62100 12268788 73318 476521 55538 55538 3912484 13884029 25096 16483060
