cpu  3075444 327877 1529608 11216268 1274 0 21089 0 0 0
cpu0 1075578 56092 515350 9646120 989 0 10943 0 0 0
cpu1 778106 52135 386304 215431 33 0 4768 0 0 0
cpu2 589738 85097 309149 215509 57 0 3908 0 0 0
cpu3 502572 69783 266114 216272 72 0 1106 0 0 0
cpu4 64973 26152 22332 219359 35 0 196 0 0 0
cpu5 23482 15568 10191 231232 31 0 89 0 0 0
cpu6 17512 10936 9028 235932 19 0 45 0 0 0
cpu7 23480 12112 11136 236410 34 0 31 0 0 0
intr 186264453 0 0 0 51730904 0 14331480 3 0 0 1132 0 0 0 0 0 0 0 0 0 0 0 0 0 0 0 0 0 0 0 0 0 0 0 0 0 0 0 0 0 0 1392 122232 1608 3668835 169477 0 0 10381 0 0 0 0 0 0 0 3515 3196753 120 16504672 0 0 0 0 19201 6270332 1254269 33154 505010 505840 0 193752 2600890 0 46986 0 0 0 0 0 0 0 14728 6297 0 0 0 0 0 0 0 0 0 0 0 0 0 0 0 0 0 0 0 0 0 0 0 0 0 0 3549339 0 1070 0 0 0 0 0 1 0 0 0 0 0 0 0 0 0 0 0 0 0 0 0 0 0 0 0 0 0 0 0 0 0 0 0 0 0 0 0 0 0 0 0 0 0 0 0 0 0 0 0 0 0 0 0 0 0 0 0 0 0 0 0 0 0 0 0 0 0 0 0 0 0 0 0 0 0 0 0 0 0 0 0 0 0 0 0 0 0 0 0 0 0 0 0 0 0 0 0 0 0 0 0 0 0 0 0 0 0 0 0 0 0 0 0 0 0 0 0 0 0 0 0 0 0 0 0 0 0 0 0 0 0 0 0 0 0 0 0 0 0 0 0 0 0 0 0 0 0 0 0 0 0 0 0 0 0 0 0 0 0 0 0 0 0 0 0 0 0 0 0 0 0 0 0 0 0 0 0 0 0 0 0 0 0 0 0 0 0 0 0 0 0 0 0 807639 7 0 0 0 0 0 0 0 0 0 0 0 0 0 2 0 0 0 1 0 0 0 0 0 0 0 15 68 0 168 0 662 17673 0 0 0 0 0 0 67 0 0 258 0 0 0 0 0 0 0 0 0 0 0 0 0 0 0 0 0 0 0 0 0 0 0 0 0 0 0 0 7 7 0 0 0 122 122 0 0 0 0 0 0 0 0 0 0 0 0 0 0 0 0 0 0 0 0 0 0 0 0 0 0 1 0 0 0 1 0 0 0 0 0 0 0 0 0 166 0 0 0 0 0 0 0 0 0 0 0 0 0 0 0 0 0 0 0 0 0 0 0 0 0 0 0 0 0 0 0 1000557 0 161
ctxt 277116644
btime 1545217894
processes 71277
procs_running 3
procs_blocked 0
softirq 76416434 98374 22649792 1517 436184 402029 1498 8289779 23681209 0 20856052
