cpu  5103369 1277898 5040843 25793385 73909 624474 437946 0 0 0
cpu0 1572769 275601 1583536 17259144 64504 292706 213787 0 0 0
cpu1 1203554 314833 1177358 1042279 2900 103087 75631 0 0 0
cpu2 961017 322705 997051 1057980 2233 79933 70643 0 0 0
cpu3 964282 260614 1002764 1048042 1893 84976 72588 0 0 0
cpu4 123175 30500 87774 1341320 731 6294 1504 0 0 0
cpu5 104534 28097 72484 1345661 624 3377 1363 0 0 0
cpu6 91006 24074 62199 1348497 550 51506 1465 0 0 0
cpu7 83032 21474 57677 1350462 474 2595 965 0 0 0
intr 352037355 0 0 0 78482128 0 8022044 8 4 4 0 0 1372 0 0 0 0 726246 0 0 117 0 0 0 0 0 0 222 0 0 0 0 0 14 0 437363 113726 11 11 0 76983 0 0 0 0 0 0 24 2560 0 120730 4866283 1576391 14400697 11 316030 48620 6171163 0 0 152 0 0 0 0 1 0 0 0 0 0 0 0 0 0 0 0 0 0 0 0 0 0 0 0 0 0 0 0 0 0 0 0 0 0 0 0 0 0 0 0 0 0 0 0 0 0 0 0 0 0 0 2 60817 30 342888 516189 277508 0 0 0 0 0 316548 289 0 0 0 0 0 89 329491 0 0 0 0 0 0 0 0 0 0 0 0 0 0 0 0 0 0 0 0 0 0 0 0 0 0 0 0 0 0 0 0 0 0 0 0 0 0 0 0 0 0 0 0 0 0 0 0 0 0 0 0 1 0 1 395 1 15 1 5782 1609 19528 3 160932 257771 0 0 449801 0 0 4167237 0 0 0 0 0 0 0 0 0 0 0 0 12017 0 0 0 0 0 0 0 0 0 0 18 0 0 0 0 0 0 0 0 0 0 0 0 0 0 0 0 0 0 0 0 0 0 0 811 0 0 0 0 0 0 0 4338 0 0 0 0 0 0 0 0 0 0 0 0 0 0 0 0 0 0 0 0 0 0 0 0 0 0 0 0 0 0 0 0 0 0 0 0 0 2670 0 0 0 18735 0 0 0 0 0 0 0 0 0 0 0 0 0 0 0 0 0 0 0 0 0 0 0 0 19266 0 0 0 85072 0 0 0 0 0 0 0 0 0 0 0 0 0 0 0 0 0 0 0 0 0 0 0 0 0 0 0 6324129 11069 40 1118149 0 13477 183085 0 0 0 0 87 0 87 0 0 0 0 0 0 0 0 0 0 0 0 0 0 0 0 0 0 0 0 0 0 0 0 0 0 0 0 0 0 0 0 0 0 0 0 0 0 0 0 0 0 0 0 0 0 0 0 0 0 0 0 0 0 0 0 0 0 0 0 0 0 0 0 0 0 0 0 0 0 0 0 0 0 0 0 0 0 0 0 0 0 0 0 0 0 0 0 0 0 0 0 0 0 0 0 0 0 0 0 0 0 0 0 0 0 0 0 0 0 0 0 0 0 0 0 0 0 0 0 0 0 0 0 0 0 0 0 1 0 0 1558 0 682 0 0 0 0 0 0 0 0 0 0 0 0 0 1493 59 59 0 77 44 2878 77 0 0 0 0 0 0 0 0 0 11 1686 11137 257471 0 532 1 2 2 0 0 0 0 0 0 0 0 0 0 0 0 0 0 0 0 0 0 0 0 0 0 0 0 0 0 0 0 0 0 1 1 0 0 0 0 0 0 0 0 0 0 0 0 0 0 0 0 0 0 0 0 0 0 0 0 0 0 0 0 0 0 1 1 0 0 0 0 0 0 0 0 0 0 0 0 0 0 0 0 0 0 0 0 0 0 0 0 0 0 0 0 0 0 0 0 0 0 0 0 0 0 0 0 0 0 0 0 0 0 0 0 0 0 0 0 0 0 0 0 0 0 0 0 0 0 0 0 0 0 0 0 0 0 0 0 0 0 0 0 0 0 0 0 0 0 0 0 0 0 0 0 0 0 0 0 0 0 0 0 0 0 0 0 0 0 0 0 0 0 0 0 0 0 0 0 0 0 0 0 0 0 0 0 0 0 0 0 0 944940 0 98 0 4 343 0 0 0 17 0 0 0 0 328 657267 4 0 13 20 217 46 2271 0 0 0 0 0 0 0 11 0 6 0 0 0 0 0 0 0 0 0 2050 0 0 0 0 0 0 0 0 0 0
ctxt 576893354
btime 1543839747
processes 194634
procs_running 1
procs_blocked 0
softirq 91315481 21031778 23870171 276054 687404 5127181 152425 1375858 21717146 0 17077464
