cpu  5070285 1273317 5013191 25079323 73354 621112 435712 0 0 0
cpu0 1562273 274401 1576129 17183505 64391 290966 213073 0 0 0
cpu1 1195695 313561 1171038 961614 2720 102623 75174 0 0 0
cpu2 954038 321658 990432 976855 2116 79367 70130 0 0 0
cpu3 957188 259666 995919 967486 1771 84384 72050 0 0 0
cpu4 122922 30462 87646 1242422 724 6294 1504 0 0 0
cpu5 104392 28065 72361 1246629 618 3377 1363 0 0 0
cpu6 90887 24049 62096 1249399 546 51506 1465 0 0 0
cpu7 82890 21455 57570 1251413 468 2595 953 0 0 0
intr 350465649 0 0 0 78179962 0 7998661 8 4 4 0 0 1372 0 0 0 0 722776 0 0 117 0 0 0 0 0 0 222 0 0 0 0 0 14 0 437050 113635 11 11 0 76753 0 0 0 0 0 0 24 2560 0 120475 4860847 1575814 14355197 11 316030 48620 6157212 0 0 152 0 0 0 0 1 0 0 0 0 0 0 0 0 0 0 0 0 0 0 0 0 0 0 0 0 0 0 0 0 0 0 0 0 0 0 0 0 0 0 0 0 0 0 0 0 0 0 0 0 0 0 2 60555 30 342634 514068 276845 0 0 0 0 0 316401 289 0 0 0 0 0 89 327704 0 0 0 0 0 0 0 0 0 0 0 0 0 0 0 0 0 0 0 0 0 0 0 0 0 0 0 0 0 0 0 0 0 0 0 0 0 0 0 0 0 0 0 0 0 0 0 0 0 0 0 0 1 0 1 395 1 15 1 5782 1609 19528 3 160932 257771 0 0 449801 0 0 4136016 0 0 0 0 0 0 0 0 0 0 0 0 12017 0 0 0 0 0 0 0 0 0 0 18 0 0 0 0 0 0 0 0 0 0 0 0 0 0 0 0 0 0 0 0 0 0 0 810 0 0 0 0 0 0 0 4336 0 0 0 0 0 0 0 0 0 0 0 0 0 0 0 0 0 0 0 0 0 0 0 0 0 0 0 0 0 0 0 0 0 0 0 0 0 2670 0 0 0 18735 0 0 0 0 0 0 0 0 0 0 0 0 0 0 0 0 0 0 0 0 0 0 0 0 19266 0 0 0 85072 0 0 0 0 0 0 0 0 0 0 0 0 0 0 0 0 0 0 0 0 0 0 0 0 0 0 0 6262918 11057 40 1117200 0 13477 183085 0 0 0 0 87 0 87 0 0 0 0 0 0 0 0 0 0 0 0 0 0 0 0 0 0 0 0 0 0 0 0 0 0 0 0 0 0 0 0 0 0 0 0 0 0 0 0 0 0 0 0 0 0 0 0 0 0 0 0 0 0 0 0 0 0 0 0 0 0 0 0 0 0 0 0 0 0 0 0 0 0 0 0 0 0 0 0 0 0 0 0 0 0 0 0 0 0 0 0 0 0 0 0 0 0 0 0 0 0 0 0 0 0 0 0 0 0 0 0 0 0 0 0 0 0 0 0 0 0 0 0 0 0 0 0 1 0 0 1558 0 682 0 0 0 0 0 0 0 0 0 0 0 0 0 1491 59 59 0 77 44 2877 77 0 0 0 0 0 0 0 0 0 11 1685 11137 257375 0 532 1 2 2 0 0 0 0 0 0 0 0 0 0 0 0 0 0 0 0 0 0 0 0 0 0 0 0 0 0 0 0 0 0 1 1 0 0 0 0 0 0 0 0 0 0 0 0 0 0 0 0 0 0 0 0 0 0 0 0 0 0 0 0 0 0 1 1 0 0 0 0 0 0 0 0 0 0 0 0 0 0 0 0 0 0 0 0 0 0 0 0 0 0 0 0 0 0 0 0 0 0 0 0 0 0 0 0 0 0 0 0 0 0 0 0 0 0 0 0 0 0 0 0 0 0 0 0 0 0 0 0 0 0 0 0 0 0 0 0 0 0 0 0 0 0 0 0 0 0 0 0 0 0 0 0 0 0 0 0 0 0 0 0 0 0 0 0 0 0 0 0 0 0 0 0 0 0 0 0 0 0 0 0 0 0 0 0 0 0 0 0 0 940968 0 98 0 4 343 0 0 0 17 0 0 0 0 328 656787 4 0 13 20 217 46 2269 0 0 0 0 0 0 0 11 0 6 0 0 0 0 0 0 0 0 0 2050 0 0 0 0 0 0 0 0 0 0
ctxt 574486896
btime 1543839747
processes 194247
procs_running 2
procs_blocked 0
softirq 90891107 20980162 23740537 275754 687004 5116441 152425 1373144 21591311 0 16974329
