cpu  4902937 1226594 4870920 21899021 69000 604764 424954 0 0 0
cpu0 1509268 264123 1540875 16853488 63706 282529 208955 0 0 0
cpu1 1160069 300651 1139958 604191 1634 100445 73215 0 0 0
cpu2 921540 312138 959048 615514 1284 76902 67918 0 0 0
cpu3 924145 250543 963468 608610 1079 81647 69805 0 0 0
cpu4 118687 28941 83838 801369 401 6294 1504 0 0 0
cpu5 100966 26754 69142 803907 341 2846 1140 0 0 0
cpu6 88051 22900 59462 805297 298 51506 1464 0 0 0
cpu7 80211 20544 55129 806645 257 2595 953 0 0 0
intr 339273437 0 0 0 75547809 0 7863792 8 4 4 0 0 1372 0 0 0 0 706628 0 0 117 0 0 0 0 0 0 222 0 0 0 0 0 9 0 424106 110263 11 11 0 74247 0 0 0 0 0 0 24 2560 0 119355 4682766 1568905 14094456 11 316030 48620 5945032 0 0 152 0 0 0 0 1 0 0 0 0 0 0 0 0 0 0 0 0 0 0 0 0 0 0 0 0 0 0 0 0 0 0 0 0 0 0 0 0 0 0 0 0 0 0 0 0 0 0 0 0 0 0 2 58407 30 336694 504150 273826 0 0 0 0 0 312125 289 0 0 0 0 0 89 321411 0 0 0 0 0 0 0 0 0 0 0 0 0 0 0 0 0 0 0 0 0 0 0 0 0 0 0 0 0 0 0 0 0 0 0 0 0 0 0 0 0 0 0 0 0 0 0 0 0 0 0 0 1 0 1 343 1 15 1 5616 1155 18815 3 155506 240143 0 0 449801 0 0 3984023 0 0 0 0 0 0 0 0 0 0 0 0 11601 0 0 0 0 0 0 0 0 0 0 18 0 0 0 0 0 0 0 0 0 0 0 0 0 0 0 0 0 0 0 0 0 0 0 802 0 0 0 0 0 0 0 4261 0 0 0 0 0 0 0 0 0 0 0 0 0 0 0 0 0 0 0 0 0 0 0 0 0 0 0 0 0 0 0 0 0 0 0 0 0 2592 0 0 0 18073 0 0 0 0 0 0 0 0 0 0 0 0 0 0 0 0 0 0 0 0 0 0 0 0 19266 0 0 0 85042 0 0 0 0 0 0 0 0 0 0 0 0 0 0 0 0 0 0 0 0 0 0 0 0 0 0 0 5969661 10961 40 1112351 0 13067 176364 0 0 0 0 87 0 87 0 0 0 0 0 0 0 0 0 0 0 0 0 0 0 0 0 0 0 0 0 0 0 0 0 0 0 0 0 0 0 0 0 0 0 0 0 0 0 0 0 0 0 0 0 0 0 0 0 0 0 0 0 0 0 0 0 0 0 0 0 0 0 0 0 0 0 0 0 0 0 0 0 0 0 0 0 0 0 0 0 0 0 0 0 0 0 0 0 0 0 0 0 0 0 0 0 0 0 0 0 0 0 0 0 0 0 0 0 0 0 0 0 0 0 0 0 0 0 0 0 0 0 0 0 0 0 0 1 0 0 1558 0 682 0 0 0 0 0 0 0 0 0 0 0 0 0 1477 59 59 0 77 44 2865 77 0 0 0 0 0 0 0 0 0 11 1663 11126 252081 0 532 1 2 2 0 0 0 0 0 0 0 0 0 0 0 0 0 0 0 0 0 0 0 0 0 0 0 0 0 0 0 0 0 0 1 1 0 0 0 0 0 0 0 0 0 0 0 0 0 0 0 0 0 0 0 0 0 0 0 0 0 0 0 0 0 0 1 1 0 0 0 0 0 0 0 0 0 0 0 0 0 0 0 0 0 0 0 0 0 0 0 0 0 0 0 0 0 0 0 0 0 0 0 0 0 0 0 0 0 0 0 0 0 0 0 0 0 0 0 0 0 0 0 0 0 0 0 0 0 0 0 0 0 0 0 0 0 0 0 0 0 0 0 0 0 0 0 0 0 0 0 0 0 0 0 0 0 0 0 0 0 0 0 0 0 0 0 0 0 0 0 0 0 0 0 0 0 0 0 0 0 0 0 0 0 0 0 0 0 0 0 0 0 884636 0 98 0 4 343 0 0 0 17 0 0 0 0 324 654232 4 0 13 20 217 46 2194 0 0 0 0 0 0 0 11 0 6 0 0 0 0 0 0 0 0 0 2050 0 0 0 0 0 0 0 0 0 0
ctxt 558086772
btime 1543839747
processes 190786
procs_running 3
procs_blocked 0
softirq 88345120 20533983 23052891 274399 676795 4932528 152425 1356163 20927110 0 16438826
