cpu  3091274 330533 1538200 11324052 1392 0 21188 0 0 0
cpu0 1078387 56322 517180 9657672 999 0 11019 0 0 0
cpu1 780819 52436 388073 227373 42 0 4774 0 0 0
cpu2 592207 85356 310744 227875 67 0 3912 0 0 0
cpu3 504988 70142 267487 228848 83 0 1112 0 0 0
cpu4 67437 26635 23224 232548 61 0 197 0 0 0
cpu5 24797 16119 10606 246035 51 0 92 0 0 0
cpu6 18395 11221 9395 251486 36 0 48 0 0 0
cpu7 24242 12299 11488 252212 51 0 32 0 0 0
intr 187328117 0 0 0 51955248 0 14346983 3 0 0 1136 0 0 0 0 0 0 0 0 0 0 0 0 0 0 0 0 0 0 0 0 0 0 0 0 0 0 0 0 0 0 1392 127476 2108 3677181 174162 0 0 10381 0 0 0 0 0 0 0 3515 3209869 125 16550858 0 0 0 0 19201 6284496 1269446 34624 507316 506636 0 193752 2707756 0 58144 0 0 0 0 0 0 0 14728 6297 0 0 0 0 0 0 0 0 0 0 0 0 0 0 0 0 0 0 0 0 0 0 0 0 0 0 3562329 0 4201 0 0 0 0 0 1 0 0 0 0 0 0 0 0 0 0 0 0 0 0 0 0 0 0 0 0 0 0 0 0 0 0 0 0 0 0 0 0 0 0 0 0 0 0 0 0 0 0 0 0 0 0 0 0 0 0 0 0 0 0 0 0 0 0 0 0 0 0 0 0 0 0 0 0 0 0 0 0 0 0 0 0 0 0 0 0 0 0 0 0 0 0 0 0 0 0 0 0 0 0 0 0 0 0 0 0 0 0 0 0 0 0 0 0 0 0 0 0 0 0 0 0 0 0 0 0 0 0 0 0 0 0 0 0 0 0 0 0 0 0 0 0 0 0 0 0 0 0 0 0 0 0 0 0 0 0 0 0 0 0 0 0 0 0 0 0 0 0 0 0 0 0 0 0 0 0 0 0 0 0 0 0 0 0 0 0 0 0 0 0 0 0 0 808933 7 0 0 0 0 0 0 0 0 0 0 0 0 0 3 0 0 0 1 0 0 0 0 0 0 0 15 68 0 169 0 662 18159 0 0 0 0 0 0 67 0 0 266 0 0 0 0 0 0 0 0 0 0 0 0 0 0 0 0 0 0 0 0 0 0 0 0 0 0 0 0 7 7 0 0 0 126 126 0 0 0 0 0 0 0 0 0 0 0 0 0 0 0 0 0 0 0 0 0 0 0 0 0 0 2 0 0 0 1 0 0 0 0 0 0 0 0 0 166 0 0 0 0 0 0 0 0 0 0 0 0 0 0 0 0 0 0 0 0 0 0 0 0 0 0 0 0 0 0 0 1011311 0 161
ctxt 278923207
btime 1545217894
processes 72961
procs_running 2
procs_blocked 0
softirq 76820004 98374 22751913 1518 436820 404890 1498 8370023 23781499 0 20973469
