cpu  4891686 1218883 4859389 21726877 68245 603717 424216 0 0 0
cpu0 1507032 262396 1538612 16835354 63600 281949 208592 0 0 0
cpu1 1158176 298683 1137864 585117 1477 100312 73122 0 0 0
cpu2 919691 310825 957030 595677 1165 76754 67797 0 0 0
cpu3 922161 249412 961409 588807 984 81482 69644 0 0 0
cpu4 117488 28483 82850 778288 312 6294 1504 0 0 0
cpu5 100062 26320 68337 780223 266 2825 1140 0 0 0
cpu6 87379 22570 58750 781183 238 51506 1464 0 0 0
cpu7 79697 20194 54537 782228 203 2595 953 0 0 0
intr 337703954 0 0 0 75085897 0 7851475 8 4 4 0 0 1372 0 0 0 0 705640 0 0 117 0 0 0 0 0 0 222 0 0 0 0 0 9 0 421155 109493 11 11 0 73728 0 0 0 0 0 0 24 2560 0 119263 4643775 1567482 14067536 11 316030 48620 5891119 0 0 152 0 0 0 0 1 0 0 0 0 0 0 0 0 0 0 0 0 0 0 0 0 0 0 0 0 0 0 0 0 0 0 0 0 0 0 0 0 0 0 0 0 0 0 0 0 0 0 0 0 0 0 2 58120 30 335284 503394 273651 0 0 0 0 0 311160 289 0 0 0 0 0 89 321327 0 0 0 0 0 0 0 0 0 0 0 0 0 0 0 0 0 0 0 0 0 0 0 0 0 0 0 0 0 0 0 0 0 0 0 0 0 0 0 0 0 0 0 0 0 0 0 0 0 0 0 0 1 0 1 335 1 15 1 5580 1056 18675 3 154393 236868 0 0 449801 0 0 3973642 0 0 0 0 0 0 0 0 0 0 0 0 11518 0 0 0 0 0 0 0 0 0 0 18 0 0 0 0 0 0 0 0 0 0 0 0 0 0 0 0 0 0 0 0 0 0 0 801 0 0 0 0 0 0 0 4244 0 0 0 0 0 0 0 0 0 0 0 0 0 0 0 0 0 0 0 0 0 0 0 0 0 0 0 0 0 0 0 0 0 0 0 0 0 2580 0 0 0 17941 0 0 0 0 0 0 0 0 0 0 0 0 0 0 0 0 0 0 0 0 0 0 0 0 19266 0 0 0 85042 0 0 0 0 0 0 0 0 0 0 0 0 0 0 0 0 0 0 0 0 0 0 0 0 0 0 0 5950169 10950 40 1112075 0 13002 175032 0 0 0 0 87 0 87 0 0 0 0 0 0 0 0 0 0 0 0 0 0 0 0 0 0 0 0 0 0 0 0 0 0 0 0 0 0 0 0 0 0 0 0 0 0 0 0 0 0 0 0 0 0 0 0 0 0 0 0 0 0 0 0 0 0 0 0 0 0 0 0 0 0 0 0 0 0 0 0 0 0 0 0 0 0 0 0 0 0 0 0 0 0 0 0 0 0 0 0 0 0 0 0 0 0 0 0 0 0 0 0 0 0 0 0 0 0 0 0 0 0 0 0 0 0 0 0 0 0 0 0 0 0 0 0 1 0 0 1558 0 682 0 0 0 0 0 0 0 0 0 0 0 0 0 1474 59 59 0 77 44 2862 77 0 0 0 0 0 0 0 0 0 11 1657 11121 250689 0 532 1 2 2 0 0 0 0 0 0 0 0 0 0 0 0 0 0 0 0 0 0 0 0 0 0 0 0 0 0 0 0 0 0 1 1 0 0 0 0 0 0 0 0 0 0 0 0 0 0 0 0 0 0 0 0 0 0 0 0 0 0 0 0 0 0 1 1 0 0 0 0 0 0 0 0 0 0 0 0 0 0 0 0 0 0 0 0 0 0 0 0 0 0 0 0 0 0 0 0 0 0 0 0 0 0 0 0 0 0 0 0 0 0 0 0 0 0 0 0 0 0 0 0 0 0 0 0 0 0 0 0 0 0 0 0 0 0 0 0 0 0 0 0 0 0 0 0 0 0 0 0 0 0 0 0 0 0 0 0 0 0 0 0 0 0 0 0 0 0 0 0 0 0 0 0 0 0 0 0 0 0 0 0 0 0 0 0 0 0 0 0 0 869897 0 98 0 4 343 0 0 0 17 0 0 0 0 324 654026 4 0 13 20 217 46 2177 0 0 0 0 0 0 0 11 0 6 0 0 0 0 0 0 0 0 0 2050 0 0 0 0 0 0 0 0 0 0
ctxt 555931679
btime 1543839747
processes 190045
procs_running 2
procs_blocked 1
softirq 88061264 20466594 22994844 274320 674422 4882991 152425 1354344 20870880 0 16390444
