cpu  4866479 1197986 4836376 21435734 66293 601832 422796 0 0 0
cpu0 1502303 257873 1534754 16805467 63342 280864 207630 0 0 0
cpu1 1154378 293481 1134689 552575 1140 100081 73014 0 0 0
cpu2 916388 307222 953682 561214 878 76513 67677 0 0 0
cpu3 918965 246209 958076 554176 742 81201 69416 0 0 0
cpu4 114138 27096 79931 740160 48 6294 1503 0 0 0
cpu5 97517 25102 65894 740650 41 2778 1140 0 0 0
cpu6 85069 21648 56640 740616 51 51506 1463 0 0 0
cpu7 77721 19355 52710 740876 51 2595 953 0 0 0
intr 333797717 0 0 0 73926940 0 7824680 8 4 4 0 0 1372 0 0 0 0 703853 0 0 117 0 0 0 0 0 0 222 0 0 0 0 0 4 0 411617 106237 11 11 0 72375 0 0 0 0 0 0 24 2560 0 119117 4531003 1563951 14004819 11 316030 48620 5744867 0 0 152 0 0 0 0 1 0 0 0 0 0 0 0 0 0 0 0 0 0 0 0 0 0 0 0 0 0 0 0 0 0 0 0 0 0 0 0 0 0 0 0 0 0 0 0 0 0 0 0 0 0 0 2 57281 30 330315 502387 273341 0 0 0 0 0 307774 289 0 0 0 0 0 89 321252 0 0 0 0 0 0 0 0 0 0 0 0 0 0 0 0 0 0 0 0 0 0 0 0 0 0 0 0 0 0 0 0 0 0 0 0 0 0 0 0 0 0 0 0 0 0 0 0 0 0 0 0 1 0 1 307 1 15 1 5508 861 18349 3 151913 228449 0 0 449801 0 0 3955345 0 0 0 0 0 0 0 0 0 0 0 0 11330 0 0 0 0 0 0 0 0 0 0 18 0 0 0 0 0 0 0 0 0 0 0 0 0 0 0 0 0 0 0 0 0 0 0 801 0 0 0 0 0 0 0 4186 0 0 0 0 0 0 0 0 0 0 0 0 0 0 0 0 0 0 0 0 0 0 0 0 0 0 0 0 0 0 0 0 0 0 0 0 0 2538 0 0 0 17642 0 0 0 0 0 0 0 0 0 0 0 0 0 0 0 0 0 0 0 0 0 0 0 0 19266 0 0 0 85011 0 0 0 0 0 0 0 0 0 0 0 0 0 0 0 0 0 0 0 0 0 0 0 0 0 0 0 5914873 10950 40 1111211 0 12782 171964 0 0 0 0 87 0 87 0 0 0 0 0 0 0 0 0 0 0 0 0 0 0 0 0 0 0 0 0 0 0 0 0 0 0 0 0 0 0 0 0 0 0 0 0 0 0 0 0 0 0 0 0 0 0 0 0 0 0 0 0 0 0 0 0 0 0 0 0 0 0 0 0 0 0 0 0 0 0 0 0 0 0 0 0 0 0 0 0 0 0 0 0 0 0 0 0 0 0 0 0 0 0 0 0 0 0 0 0 0 0 0 0 0 0 0 0 0 0 0 0 0 0 0 0 0 0 0 0 0 0 0 0 0 0 0 1 0 0 1555 0 682 0 0 0 0 0 0 0 0 0 0 0 0 0 1452 59 59 0 77 44 2845 77 0 0 0 0 0 0 0 0 0 11 1624 11111 245605 0 532 1 2 2 0 0 0 0 0 0 0 0 0 0 0 0 0 0 0 0 0 0 0 0 0 0 0 0 0 0 0 0 0 0 1 1 0 0 0 0 0 0 0 0 0 0 0 0 0 0 0 0 0 0 0 0 0 0 0 0 0 0 0 0 0 0 1 1 0 0 0 0 0 0 0 0 0 0 0 0 0 0 0 0 0 0 0 0 0 0 0 0 0 0 0 0 0 0 0 0 0 0 0 0 0 0 0 0 0 0 0 0 0 0 0 0 0 0 0 0 0 0 0 0 0 0 0 0 0 0 0 0 0 0 0 0 0 0 0 0 0 0 0 0 0 0 0 0 0 0 0 0 0 0 0 0 0 0 0 0 0 0 0 0 0 0 0 0 0 0 0 0 0 0 0 0 0 0 0 0 0 0 0 0 0 0 0 0 0 0 0 0 0 842683 0 98 0 4 343 0 0 0 17 0 0 0 0 322 653245 4 0 13 20 217 46 2129 0 0 0 0 0 0 0 10 0 5 0 0 0 0 0 0 0 0 0 2042 0 0 0 0 0 0 0 0 0 0
ctxt 550552333
btime 1543839747
processes 188166
procs_running 1
procs_blocked 0
softirq 87384455 20287532 22871554 274181 666072 4747477 152425 1351124 20751516 0 16282574
