cpu  4908919 1233329 4877240 21965470 69519 605224 425352 0 0 0
cpu0 1510016 265510 1542089 16860286 63772 282812 209251 0 0 0
cpu1 1160805 302656 1140854 611267 1715 100498 73241 0 0 0
cpu2 922291 313335 959887 623331 1352 76955 67966 0 0 0
cpu3 924887 251598 964335 616562 1144 81700 69833 0 0 0
cpu4 119630 29276 84707 810041 473 6294 1504 0 0 0
cpu5 101708 27088 69756 813062 403 2864 1140 0 0 0
cpu6 88744 23136 60028 814674 353 51506 1464 0 0 0
cpu7 80838 20730 55584 816247 307 2595 953 0 0 0
intr 340415102 0 0 0 75886427 0 7869298 8 4 4 0 0 1372 0 0 0 0 707109 0 0 117 0 0 0 0 0 0 222 0 0 0 0 0 14 0 426906 110992 11 11 0 74646 0 0 0 0 0 0 24 2560 0 119389 4722961 1570603 14114476 11 316030 48620 5981415 0 0 152 0 0 0 0 1 0 0 0 0 0 0 0 0 0 0 0 0 0 0 0 0 0 0 0 0 0 0 0 0 0 0 0 0 0 0 0 0 0 0 0 0 0 0 0 0 0 0 0 0 0 0 2 58643 30 338055 504368 273898 0 0 0 0 0 313068 289 0 0 0 0 0 89 321440 0 0 0 0 0 0 0 0 0 0 0 0 0 0 0 0 0 0 0 0 0 0 0 0 0 0 0 0 0 0 0 0 0 0 0 0 0 0 0 0 0 0 0 0 0 0 0 0 0 0 0 0 1 0 1 359 1 15 1 5656 1260 19001 3 156900 244950 0 0 449801 0 0 3989810 0 0 0 0 0 0 0 0 0 0 0 0 11708 0 0 0 0 0 0 0 0 0 0 18 0 0 0 0 0 0 0 0 0 0 0 0 0 0 0 0 0 0 0 0 0 0 0 802 0 0 0 0 0 0 0 4278 0 0 0 0 0 0 0 0 0 0 0 0 0 0 0 0 0 0 0 0 0 0 0 0 0 0 0 0 0 0 0 0 0 0 0 0 0 2616 0 0 0 18243 0 0 0 0 0 0 0 0 0 0 0 0 0 0 0 0 0 0 0 0 0 0 0 0 19266 0 0 0 85042 0 0 0 0 0 0 0 0 0 0 0 0 0 0 0 0 0 0 0 0 0 0 0 0 0 0 0 5980236 10961 40 1112496 0 13192 178128 0 0 0 0 87 0 87 0 0 0 0 0 0 0 0 0 0 0 0 0 0 0 0 0 0 0 0 0 0 0 0 0 0 0 0 0 0 0 0 0 0 0 0 0 0 0 0 0 0 0 0 0 0 0 0 0 0 0 0 0 0 0 0 0 0 0 0 0 0 0 0 0 0 0 0 0 0 0 0 0 0 0 0 0 0 0 0 0 0 0 0 0 0 0 0 0 0 0 0 0 0 0 0 0 0 0 0 0 0 0 0 0 0 0 0 0 0 0 0 0 0 0 0 0 0 0 0 0 0 0 0 0 0 0 0 1 0 0 1558 0 682 0 0 0 0 0 0 0 0 0 0 0 0 0 1481 59 59 0 77 44 2869 77 0 0 0 0 0 0 0 0 0 11 1671 11126 253608 0 532 1 2 2 0 0 0 0 0 0 0 0 0 0 0 0 0 0 0 0 0 0 0 0 0 0 0 0 0 0 0 0 0 0 1 1 0 0 0 0 0 0 0 0 0 0 0 0 0 0 0 0 0 0 0 0 0 0 0 0 0 0 0 0 0 0 1 1 0 0 0 0 0 0 0 0 0 0 0 0 0 0 0 0 0 0 0 0 0 0 0 0 0 0 0 0 0 0 0 0 0 0 0 0 0 0 0 0 0 0 0 0 0 0 0 0 0 0 0 0 0 0 0 0 0 0 0 0 0 0 0 0 0 0 0 0 0 0 0 0 0 0 0 0 0 0 0 0 0 0 0 0 0 0 0 0 0 0 0 0 0 0 0 0 0 0 0 0 0 0 0 0 0 0 0 0 0 0 0 0 0 0 0 0 0 0 0 0 0 0 0 0 0 892187 0 98 0 4 343 0 0 0 17 0 0 0 0 324 654404 4 0 13 20 217 46 2211 0 0 0 0 0 0 0 11 0 6 0 0 0 0 0 0 0 0 0 2050 0 0 0 0 0 0 0 0 0 0
ctxt 559641805
btime 1543839747
processes 191323
procs_running 4
procs_blocked 0
softirq 88542911 20595900 23087282 274432 679099 4964860 152425 1357535 20961377 0 16470001
