cpu  4878428 1206612 4847951 21621418 67181 602928 423541 0 0 0
cpu0 1504258 259825 1536939 16825474 63464 281452 208057 0 0 0
cpu1 1156164 295620 1136441 573892 1301 100229 73081 0 0 0
cpu2 918147 308562 955487 583236 1021 76669 67753 0 0 0
cpu3 920759 247383 959902 576031 853 81394 69590 0 0 0
cpu4 115718 27729 81241 764416 158 6294 1503 0 0 0
cpu5 98656 25642 66897 765704 135 2789 1140 0 0 0
cpu6 86088 22104 57530 766054 131 51506 1464 0 0 0
cpu7 78638 19747 53514 766611 118 2595 953 0 0 0
intr 335642336 0 0 0 74471407 0 7840694 8 4 4 0 0 1372 0 0 0 0 704890 0 0 117 0 0 0 0 0 0 222 0 0 0 0 0 4 0 417128 108460 11 11 0 73009 0 0 0 0 0 0 24 2560 0 119218 4577728 1565263 14036399 11 316030 48620 5809659 0 0 152 0 0 0 0 1 0 0 0 0 0 0 0 0 0 0 0 0 0 0 0 0 0 0 0 0 0 0 0 0 0 0 0 0 0 0 0 0 0 0 0 0 0 0 0 0 0 0 0 0 0 0 2 57644 30 332411 503000 273527 0 0 0 0 0 309198 289 0 0 0 0 0 89 321286 0 0 0 0 0 0 0 0 0 0 0 0 0 0 0 0 0 0 0 0 0 0 0 0 0 0 0 0 0 0 0 0 0 0 0 0 0 0 0 0 0 0 0 0 0 0 0 0 0 0 0 0 1 0 1 323 1 15 1 5530 915 18479 3 152799 232223 0 0 449801 0 0 3965381 0 0 0 0 0 0 0 0 0 0 0 0 11401 0 0 0 0 0 0 0 0 0 0 18 0 0 0 0 0 0 0 0 0 0 0 0 0 0 0 0 0 0 0 0 0 0 0 801 0 0 0 0 0 0 0 4222 0 0 0 0 0 0 0 0 0 0 0 0 0 0 0 0 0 0 0 0 0 0 0 0 0 0 0 0 0 0 0 0 0 0 0 0 0 2562 0 0 0 17756 0 0 0 0 0 0 0 0 0 0 0 0 0 0 0 0 0 0 0 0 0 0 0 0 19266 0 0 0 85042 0 0 0 0 0 0 0 0 0 0 0 0 0 0 0 0 0 0 0 0 0 0 0 0 0 0 0 5933100 10950 40 1111845 0 12908 173163 0 0 0 0 87 0 87 0 0 0 0 0 0 0 0 0 0 0 0 0 0 0 0 0 0 0 0 0 0 0 0 0 0 0 0 0 0 0 0 0 0 0 0 0 0 0 0 0 0 0 0 0 0 0 0 0 0 0 0 0 0 0 0 0 0 0 0 0 0 0 0 0 0 0 0 0 0 0 0 0 0 0 0 0 0 0 0 0 0 0 0 0 0 0 0 0 0 0 0 0 0 0 0 0 0 0 0 0 0 0 0 0 0 0 0 0 0 0 0 0 0 0 0 0 0 0 0 0 0 0 0 0 0 0 0 1 0 0 1558 0 682 0 0 0 0 0 0 0 0 0 0 0 0 0 1468 59 59 0 77 44 2857 77 0 0 0 0 0 0 0 0 0 11 1648 11115 247982 0 532 1 2 2 0 0 0 0 0 0 0 0 0 0 0 0 0 0 0 0 0 0 0 0 0 0 0 0 0 0 0 0 0 0 1 1 0 0 0 0 0 0 0 0 0 0 0 0 0 0 0 0 0 0 0 0 0 0 0 0 0 0 0 0 0 0 1 1 0 0 0 0 0 0 0 0 0 0 0 0 0 0 0 0 0 0 0 0 0 0 0 0 0 0 0 0 0 0 0 0 0 0 0 0 0 0 0 0 0 0 0 0 0 0 0 0 0 0 0 0 0 0 0 0 0 0 0 0 0 0 0 0 0 0 0 0 0 0 0 0 0 0 0 0 0 0 0 0 0 0 0 0 0 0 0 0 0 0 0 0 0 0 0 0 0 0 0 0 0 0 0 0 0 0 0 0 0 0 0 0 0 0 0 0 0 0 0 0 0 0 0 0 0 856315 0 98 0 4 343 0 0 0 17 0 0 0 0 322 653744 4 0 13 20 217 46 2155 0 0 0 0 0 0 0 11 0 6 0 0 0 0 0 0 0 0 0 2050 0 0 0 0 0 0 0 0 0 0
ctxt 553134303
btime 1543839747
processes 189270
procs_running 4
procs_blocked 0
softirq 87701158 20367204 22933584 274265 669591 4807220 152425 1352594 20810288 0 16333987
