cpu  5043425 1259721 4989524 24663751 72028 618976 434165 0 0 0
cpu0 1555873 271273 1571253 17140164 64221 289705 212229 0 0 0
cpu1 1190544 309821 1166682 915334 2485 102353 74940 0 0 0
cpu2 949303 319206 986003 929267 1905 79070 69850 0 0 0
cpu3 952547 257402 991211 919758 1597 84076 71862 0 0 0
cpu4 120950 29819 86022 1185684 563 6294 1504 0 0 0
cpu5 102870 27554 70937 1189106 480 3377 1363 0 0 0
cpu6 89650 23592 60934 1191347 417 51506 1464 0 0 0
cpu7 81688 21054 56482 1193091 360 2595 953 0 0 0
intr 347411186 0 0 0 77341667 0 7980962 8 4 4 0 0 1372 0 0 0 0 720507 0 0 117 0 0 0 0 0 0 222 0 0 0 0 0 14 0 430653 111974 11 11 0 75723 0 0 0 0 0 0 24 2560 0 120326 4774137 1573455 14295076 11 316030 48620 6071817 0 0 152 0 0 0 0 1 0 0 0 0 0 0 0 0 0 0 0 0 0 0 0 0 0 0 0 0 0 0 0 0 0 0 0 0 0 0 0 0 0 0 0 0 0 0 0 0 0 0 0 0 0 0 2 59962 30 339985 512865 276434 0 0 0 0 0 314397 289 0 0 0 0 0 89 326807 0 0 0 0 0 0 0 0 0 0 0 0 0 0 0 0 0 0 0 0 0 0 0 0 0 0 0 0 0 0 0 0 0 0 0 0 0 0 0 0 0 0 0 0 0 0 0 0 0 0 0 0 1 0 1 371 1 15 1 5732 1474 19277 3 159050 251021 0 0 449801 0 0 4110442 0 0 0 0 0 0 0 0 0 0 0 0 11874 0 0 0 0 0 0 0 0 0 0 18 0 0 0 0 0 0 0 0 0 0 0 0 0 0 0 0 0 0 0 0 0 0 0 808 0 0 0 0 0 0 0 4300 0 0 0 0 0 0 0 0 0 0 0 0 0 0 0 0 0 0 0 0 0 0 0 0 0 0 0 0 0 0 0 0 0 0 0 0 0 2634 0 0 0 18507 0 0 0 0 0 0 0 0 0 0 0 0 0 0 0 0 0 0 0 0 0 0 0 0 19266 0 0 0 85072 0 0 0 0 0 0 0 0 0 0 0 0 0 0 0 0 0 0 0 0 0 0 0 0 0 0 0 6215734 11033 40 1116544 0 13287 180716 0 0 0 0 87 0 87 0 0 0 0 0 0 0 0 0 0 0 0 0 0 0 0 0 0 0 0 0 0 0 0 0 0 0 0 0 0 0 0 0 0 0 0 0 0 0 0 0 0 0 0 0 0 0 0 0 0 0 0 0 0 0 0 0 0 0 0 0 0 0 0 0 0 0 0 0 0 0 0 0 0 0 0 0 0 0 0 0 0 0 0 0 0 0 0 0 0 0 0 0 0 0 0 0 0 0 0 0 0 0 0 0 0 0 0 0 0 0 0 0 0 0 0 0 0 0 0 0 0 0 0 0 0 0 0 1 0 0 1558 0 682 0 0 0 0 0 0 0 0 0 0 0 0 0 1484 59 59 0 77 44 2872 77 0 0 0 0 0 0 0 0 0 11 1674 11131 255059 0 532 1 2 2 0 0 0 0 0 0 0 0 0 0 0 0 0 0 0 0 0 0 0 0 0 0 0 0 0 0 0 0 0 0 1 1 0 0 0 0 0 0 0 0 0 0 0 0 0 0 0 0 0 0 0 0 0 0 0 0 0 0 0 0 0 0 1 1 0 0 0 0 0 0 0 0 0 0 0 0 0 0 0 0 0 0 0 0 0 0 0 0 0 0 0 0 0 0 0 0 0 0 0 0 0 0 0 0 0 0 0 0 0 0 0 0 0 0 0 0 0 0 0 0 0 0 0 0 0 0 0 0 0 0 0 0 0 0 0 0 0 0 0 0 0 0 0 0 0 0 0 0 0 0 0 0 0 0 0 0 0 0 0 0 0 0 0 0 0 0 0 0 0 0 0 0 0 0 0 0 0 0 0 0 0 0 0 0 0 0 0 0 0 909665 0 98 0 4 343 0 0 0 17 0 0 0 0 326 656287 4 0 13 20 217 46 2233 0 0 0 0 0 0 0 11 0 6 0 0 0 0 0 0 0 0 0 2050 0 0 0 0 0 0 0 0 0 0
ctxt 570201698
btime 1543839747
processes 192848
procs_running 2
procs_blocked 0
softirq 90319036 20830918 23621382 275571 682356 5041521 152425 1370054 21473710 0 16871099
