cpu  5008284 1252428 4961718 24027571 71370 615722 432032 0 0 0
cpu0 1543709 269662 1564202 17075240 64130 288018 211440 0 0 0
cpu1 1182981 307818 1160330 844127 2292 101917 74566 0 0 0
cpu2 942655 317581 979673 857227 1757 78559 69423 0 0 0
cpu3 945423 255841 984609 848718 1492 83456 71319 0 0 0
cpu4 120450 29671 85585 1096654 525 6294 1504 0 0 0
cpu5 102416 27415 70502 1100014 445 3377 1363 0 0 0
cpu6 89295 23482 60628 1101917 393 51506 1464 0 0 0
cpu7 81355 20958 56189 1103674 336 2595 953 0 0 0
intr 345417346 0 0 0 76903410 0 7949242 8 4 4 0 0 1372 0 0 0 0 717237 0 0 117 0 0 0 0 0 0 222 0 0 0 0 0 14 0 429025 111540 11 11 0 75335 0 0 0 0 0 0 24 2560 0 120073 4751656 1571491 14246469 11 316030 48620 6045397 0 0 152 0 0 0 0 1 0 0 0 0 0 0 0 0 0 0 0 0 0 0 0 0 0 0 0 0 0 0 0 0 0 0 0 0 0 0 0 0 0 0 0 0 0 0 0 0 0 0 0 0 0 0 2 59566 30 339271 510666 275833 0 0 0 0 0 313896 289 0 0 0 0 0 89 326039 0 0 0 0 0 0 0 0 0 0 0 0 0 0 0 0 0 0 0 0 0 0 0 0 0 0 0 0 0 0 0 0 0 0 0 0 0 0 0 0 0 0 0 0 0 0 0 0 0 0 0 0 1 0 1 363 1 15 1 5674 1311 19071 3 157444 246582 0 0 449801 0 0 4080133 0 0 0 0 0 0 0 0 0 0 0 0 11750 0 0 0 0 0 0 0 0 0 0 18 0 0 0 0 0 0 0 0 0 0 0 0 0 0 0 0 0 0 0 0 0 0 0 807 0 0 0 0 0 0 0 4290 0 0 0 0 0 0 0 0 0 0 0 0 0 0 0 0 0 0 0 0 0 0 0 0 0 0 0 0 0 0 0 0 0 0 0 0 0 2622 0 0 0 18309 0 0 0 0 0 0 0 0 0 0 0 0 0 0 0 0 0 0 0 0 0 0 0 0 19266 0 0 0 85042 0 0 0 0 0 0 0 0 0 0 0 0 0 0 0 0 0 0 0 0 0 0 0 0 0 0 0 6158809 11021 40 1115301 0 13224 178799 0 0 0 0 87 0 87 0 0 0 0 0 0 0 0 0 0 0 0 0 0 0 0 0 0 0 0 0 0 0 0 0 0 0 0 0 0 0 0 0 0 0 0 0 0 0 0 0 0 0 0 0 0 0 0 0 0 0 0 0 0 0 0 0 0 0 0 0 0 0 0 0 0 0 0 0 0 0 0 0 0 0 0 0 0 0 0 0 0 0 0 0 0 0 0 0 0 0 0 0 0 0 0 0 0 0 0 0 0 0 0 0 0 0 0 0 0 0 0 0 0 0 0 0 0 0 0 0 0 0 0 0 0 0 0 1 0 0 1558 0 682 0 0 0 0 0 0 0 0 0 0 0 0 0 1482 59 59 0 77 44 2870 77 0 0 0 0 0 0 0 0 0 11 1673 11126 254499 0 532 1 2 2 0 0 0 0 0 0 0 0 0 0 0 0 0 0 0 0 0 0 0 0 0 0 0 0 0 0 0 0 0 0 1 1 0 0 0 0 0 0 0 0 0 0 0 0 0 0 0 0 0 0 0 0 0 0 0 0 0 0 0 0 0 0 1 1 0 0 0 0 0 0 0 0 0 0 0 0 0 0 0 0 0 0 0 0 0 0 0 0 0 0 0 0 0 0 0 0 0 0 0 0 0 0 0 0 0 0 0 0 0 0 0 0 0 0 0 0 0 0 0 0 0 0 0 0 0 0 0 0 0 0 0 0 0 0 0 0 0 0 0 0 0 0 0 0 0 0 0 0 0 0 0 0 0 0 0 0 0 0 0 0 0 0 0 0 0 0 0 0 0 0 0 0 0 0 0 0 0 0 0 0 0 0 0 0 0 0 0 0 0 899465 0 98 0 4 343 0 0 0 17 0 0 0 0 326 655820 4 0 13 20 217 46 2223 0 0 0 0 0 0 0 11 0 6 0 0 0 0 0 0 0 0 0 2050 0 0 0 0 0 0 0 0 0 0
ctxt 567201361
btime 1543839747
processes 192248
procs_running 1
procs_blocked 0
softirq 89850208 20757755 23483993 275300 681143 5019288 152425 1366036 21343958 0 16770310
