cpu  4896299 1219653 4863596 21817483 68339 604222 424531 0 0 0
cpu0 1508198 262594 1539687 16845017 63620 282186 208688 0 0 0
cpu1 1159171 298866 1138903 595216 1512 100397 73203 0 0 0
cpu2 920645 311010 957952 605877 1183 76849 67868 0 0 0
cpu3 923210 249586 962399 598887 995 81569 69711 0 0 0
cpu4 117658 28493 82909 790857 316 6294 1504 0 0 0
cpu5 100272 26325 68395 792755 268 2826 1140 0 0 0
cpu6 87426 22579 58779 793907 239 51506 1464 0 0 0
cpu7 79719 20200 54572 794967 206 2595 953 0 0 0
intr 337955069 0 0 0 75135954 0 7856762 8 4 4 0 0 1372 0 0 0 0 706088 0 0 117 0 0 0 0 0 0 222 0 0 0 0 0 9 0 421279 109536 11 11 0 73781 0 0 0 0 0 0 24 2560 0 119320 4645339 1567514 14074261 11 316030 48620 5893846 0 0 152 0 0 0 0 1 0 0 0 0 0 0 0 0 0 0 0 0 0 0 0 0 0 0 0 0 0 0 0 0 0 0 0 0 0 0 0 0 0 0 0 0 0 0 0 0 0 0 0 0 0 0 2 58164 30 335473 503878 273737 0 0 0 0 0 311274 289 0 0 0 0 0 89 321408 0 0 0 0 0 0 0 0 0 0 0 0 0 0 0 0 0 0 0 0 0 0 0 0 0 0 0 0 0 0 0 0 0 0 0 0 0 0 0 0 0 0 0 0 0 0 0 0 0 0 0 0 1 0 1 335 1 15 1 5580 1056 18675 3 154393 236868 0 0 449801 0 0 3977624 0 0 0 0 0 0 0 0 0 0 0 0 11518 0 0 0 0 0 0 0 0 0 0 18 0 0 0 0 0 0 0 0 0 0 0 0 0 0 0 0 0 0 0 0 0 0 0 801 0 0 0 0 0 0 0 4245 0 0 0 0 0 0 0 0 0 0 0 0 0 0 0 0 0 0 0 0 0 0 0 0 0 0 0 0 0 0 0 0 0 0 0 0 0 2580 0 0 0 17941 0 0 0 0 0 0 0 0 0 0 0 0 0 0 0 0 0 0 0 0 0 0 0 0 19266 0 0 0 85042 0 0 0 0 0 0 0 0 0 0 0 0 0 0 0 0 0 0 0 0 0 0 0 0 0 0 0 5958002 10950 40 1112199 0 13002 175032 0 0 0 0 87 0 87 0 0 0 0 0 0 0 0 0 0 0 0 0 0 0 0 0 0 0 0 0 0 0 0 0 0 0 0 0 0 0 0 0 0 0 0 0 0 0 0 0 0 0 0 0 0 0 0 0 0 0 0 0 0 0 0 0 0 0 0 0 0 0 0 0 0 0 0 0 0 0 0 0 0 0 0 0 0 0 0 0 0 0 0 0 0 0 0 0 0 0 0 0 0 0 0 0 0 0 0 0 0 0 0 0 0 0 0 0 0 0 0 0 0 0 0 0 0 0 0 0 0 0 0 0 0 0 0 1 0 0 1558 0 682 0 0 0 0 0 0 0 0 0 0 0 0 0 1474 59 59 0 77 44 2862 77 0 0 0 0 0 0 0 0 0 11 1657 11122 250727 0 532 1 2 2 0 0 0 0 0 0 0 0 0 0 0 0 0 0 0 0 0 0 0 0 0 0 0 0 0 0 0 0 0 0 1 1 0 0 0 0 0 0 0 0 0 0 0 0 0 0 0 0 0 0 0 0 0 0 0 0 0 0 0 0 0 0 1 1 0 0 0 0 0 0 0 0 0 0 0 0 0 0 0 0 0 0 0 0 0 0 0 0 0 0 0 0 0 0 0 0 0 0 0 0 0 0 0 0 0 0 0 0 0 0 0 0 0 0 0 0 0 0 0 0 0 0 0 0 0 0 0 0 0 0 0 0 0 0 0 0 0 0 0 0 0 0 0 0 0 0 0 0 0 0 0 0 0 0 0 0 0 0 0 0 0 0 0 0 0 0 0 0 0 0 0 0 0 0 0 0 0 0 0 0 0 0 0 0 0 0 0 0 0 873352 0 98 0 4 343 0 0 0 17 0 0 0 0 324 654086 4 0 13 20 217 46 2178 0 0 0 0 0 0 0 11 0 6 0 0 0 0 0 0 0 0 0 2050 0 0 0 0 0 0 0 0 0 0
ctxt 556334602
btime 1543839747
processes 190227
procs_running 1
procs_blocked 0
softirq 88124068 20474944 23014484 274360 674725 4885155 152425 1354907 20889010 0 16404058
