cpu  5141679 1296575 5081828 17681561 66296 629116 441030 0 0 0
cpu0 1583343 280577 1596491 17374792 65053 295242 215661 0 0 0
cpu1 1213168 320127 1187305 37913 278 104186 76074 0 0 0
cpu2 966691 326060 1003015 39217 209 80421 71042 0 0 0
cpu3 969691 263549 1008630 39088 175 85495 72943 0 0 0
cpu4 125635 31183 89829 46272 168 6294 1505 0 0 0
cpu5 106329 28654 74194 47394 169 3377 1363 0 0 0
cpu6 92439 24605 63573 48211 132 51506 1465 0 0 0
cpu7 84383 21820 58791 48674 112 2595 977 0 0 0
intr 355984329 0 0 0 79527666 0 8118092 8 4 4 0 0 1372 0 0 0 0 731676 0 0 120 0 0 0 0 0 0 222 0 0 0 0 0 14 0 445070 115738 11 11 0 78327 0 0 0 0 0 0 24 2560 0 121193 4970484 1578557 14520312 11 317759 48886 6277646 0 0 157 0 0 0 0 1 0 0 0 0 0 0 0 0 0 0 0 0 0 0 0 0 0 0 0 0 0 0 0 0 0 0 0 0 0 0 0 0 0 0 0 0 0 0 0 0 0 0 0 0 0 0 2 61546 30 346315 518983 279126 0 0 0 0 0 318786 289 0 0 0 0 0 89 329883 0 0 0 0 0 0 0 0 0 0 0 0 0 0 0 0 0 0 0 0 0 0 0 0 0 0 0 0 0 0 0 0 0 0 0 0 0 0 0 0 0 0 0 0 0 0 0 0 0 0 0 0 1 0 1 419 1 15 1 5810 1675 19714 3 162220 263316 0 0 449801 0 0 4196596 0 0 0 0 0 0 0 0 0 0 0 0 12118 0 0 0 0 0 0 0 0 0 0 18 0 0 0 0 0 0 0 0 0 0 0 0 0 0 0 0 0 0 0 0 0 0 0 821 0 0 0 0 0 0 0 4381 0 0 0 0 0 0 0 0 0 0 0 0 0 0 0 0 0 0 0 0 0 0 0 0 0 0 0 0 0 0 0 0 0 0 0 0 0 2728 0 0 0 18897 0 0 0 0 0 0 0 0 0 0 0 0 0 0 0 0 0 0 0 0 0 0 0 0 19317 0 0 0 85215 0 0 0 0 0 0 0 0 0 0 0 0 0 0 0 0 0 0 0 0 0 0 0 0 0 0 0 6370020 11196 40 1120683 0 13777 184829 0 0 0 0 88 0 88 0 0 0 0 0 0 0 0 0 0 0 0 0 0 0 0 0 0 0 0 0 0 0 0 0 0 0 0 0 0 0 0 0 0 0 0 0 0 0 0 0 0 0 0 0 0 0 0 0 0 0 0 0 0 0 0 0 0 0 0 0 0 0 0 0 0 0 0 0 0 0 0 0 0 0 0 0 0 0 0 0 0 0 0 0 0 0 0 0 0 0 0 0 0 0 0 0 0 0 0 0 0 0 0 0 0 0 0 0 0 0 0 0 0 0 0 0 0 0 0 0 0 0 0 0 0 0 0 1 0 0 1558 0 685 0 0 0 0 0 0 0 0 0 0 0 0 0 1509 60 60 0 79 45 2929 79 0 0 0 0 0 0 0 0 0 11 1700 11852 259618 0 534 1 2 2 0 0 0 0 0 0 0 0 0 0 0 0 0 0 0 0 0 0 0 0 0 0 0 0 0 0 0 0 0 0 1 1 0 0 0 0 0 0 0 0 0 0 0 0 0 0 0 0 0 0 0 0 0 0 0 0 0 0 0 0 0 0 1 1 0 0 0 0 0 0 0 0 0 0 0 0 0 0 0 0 0 0 0 0 0 0 0 0 0 0 0 0 0 0 0 0 0 0 0 0 0 0 0 0 0 0 0 0 0 0 0 0 0 0 0 0 0 0 0 0 0 0 0 0 0 0 0 0 0 0 0 0 0 0 0 0 0 0 0 0 0 0 0 0 0 0 0 0 0 0 0 0 0 0 0 0 0 0 0 0 0 0 0 0 0 0 0 0 0 0 0 0 0 0 0 0 0 0 0 0 0 0 0 0 0 0 0 0 0 968192 0 100 0 4 343 0 0 0 17 0 0 0 0 334 660856 4 0 13 20 217 46 2314 0 0 0 0 0 0 0 11 0 6 0 0 0 0 0 0 0 0 0 2050 0 0 0 0 0 0 0 0 0 0
ctxt 582931417
btime 1543839747
processes 196774
procs_running 1
procs_blocked 0
softirq 92188283 21258652 24081843 277599 693177 5219280 153174 1383658 21901796 0 17219104
