cpu  5061335 1267027 5007209 25010587 72855 620658 435330 0 0 0
cpu0 1559902 273179 1575185 17177364 64341 290671 212769 0 0 0
cpu1 1194177 311922 1170193 954457 2635 102571 75153 0 0 0
cpu2 952825 320326 989544 969165 2047 79314 70104 0 0 0
cpu3 956142 258483 995043 959530 1702 84330 72019 0 0 0
cpu4 122026 30157 86920 1232870 654 6294 1504 0 0 0
cpu5 103657 27831 71677 1236767 562 3377 1363 0 0 0
cpu6 90282 23845 61562 1239283 491 51506 1465 0 0 0
cpu7 82324 21284 57085 1241151 423 2595 953 0 0 0
intr 349377890 0 0 0 77873884 0 7993768 8 4 4 0 0 1372 0 0 0 0 722270 0 0 117 0 0 0 0 0 0 222 0 0 0 0 0 14 0 434608 112984 11 11 0 76379 0 0 0 0 0 0 24 2560 0 120436 4825563 1574049 14335072 11 316030 48620 6121190 0 0 152 0 0 0 0 1 0 0 0 0 0 0 0 0 0 0 0 0 0 0 0 0 0 0 0 0 0 0 0 0 0 0 0 0 0 0 0 0 0 0 0 0 0 0 0 0 0 0 0 0 0 0 2 60281 30 341450 513822 276767 0 0 0 0 0 315510 289 0 0 0 0 0 89 327704 0 0 0 0 0 0 0 0 0 0 0 0 0 0 0 0 0 0 0 0 0 0 0 0 0 0 0 0 0 0 0 0 0 0 0 0 0 0 0 0 0 0 0 0 0 0 0 0 0 0 0 0 1 0 1 379 1 15 1 5740 1491 19336 3 159445 252809 0 0 449801 0 0 4129564 0 0 0 0 0 0 0 0 0 0 0 0 11906 0 0 0 0 0 0 0 0 0 0 18 0 0 0 0 0 0 0 0 0 0 0 0 0 0 0 0 0 0 0 0 0 0 0 809 0 0 0 0 0 0 0 4321 0 0 0 0 0 0 0 0 0 0 0 0 0 0 0 0 0 0 0 0 0 0 0 0 0 0 0 0 0 0 0 0 0 0 0 0 0 2646 0 0 0 18558 0 0 0 0 0 0 0 0 0 0 0 0 0 0 0 0 0 0 0 0 0 0 0 0 19266 0 0 0 85072 0 0 0 0 0 0 0 0 0 0 0 0 0 0 0 0 0 0 0 0 0 0 0 0 0 0 0 6251535 11046 40 1117061 0 13350 181276 0 0 0 0 87 0 87 0 0 0 0 0 0 0 0 0 0 0 0 0 0 0 0 0 0 0 0 0 0 0 0 0 0 0 0 0 0 0 0 0 0 0 0 0 0 0 0 0 0 0 0 0 0 0 0 0 0 0 0 0 0 0 0 0 0 0 0 0 0 0 0 0 0 0 0 0 0 0 0 0 0 0 0 0 0 0 0 0 0 0 0 0 0 0 0 0 0 0 0 0 0 0 0 0 0 0 0 0 0 0 0 0 0 0 0 0 0 0 0 0 0 0 0 0 0 0 0 0 0 0 0 0 0 0 0 1 0 0 1558 0 682 0 0 0 0 0 0 0 0 0 0 0 0 0 1487 59 59 0 77 44 2874 77 0 0 0 0 0 0 0 0 0 11 1680 11137 256065 0 532 1 2 2 0 0 0 0 0 0 0 0 0 0 0 0 0 0 0 0 0 0 0 0 0 0 0 0 0 0 0 0 0 0 1 1 0 0 0 0 0 0 0 0 0 0 0 0 0 0 0 0 0 0 0 0 0 0 0 0 0 0 0 0 0 0 1 1 0 0 0 0 0 0 0 0 0 0 0 0 0 0 0 0 0 0 0 0 0 0 0 0 0 0 0 0 0 0 0 0 0 0 0 0 0 0 0 0 0 0 0 0 0 0 0 0 0 0 0 0 0 0 0 0 0 0 0 0 0 0 0 0 0 0 0 0 0 0 0 0 0 0 0 0 0 0 0 0 0 0 0 0 0 0 0 0 0 0 0 0 0 0 0 0 0 0 0 0 0 0 0 0 0 0 0 0 0 0 0 0 0 0 0 0 0 0 0 0 0 0 0 0 0 932039 0 98 0 4 343 0 0 0 17 0 0 0 0 326 656589 4 0 13 20 217 46 2254 0 0 0 0 0 0 0 11 0 6 0 0 0 0 0 0 0 0 0 2050 0 0 0 0 0 0 0 0 0 0
ctxt 572967868
btime 1543839747
processes 193718
procs_running 4
procs_blocked 0
softirq 90697891 20922986 23705245 275720 684932 5084529 152425 1371615 21557443 0 16942996
