cpu  3103553 331413 1543952 11448472 1442 0 21258 0 0 0
cpu0 1081245 56428 518668 9670812 1002 0 11081 0 0 0
cpu1 783484 52590 389477 241011 46 0 4776 0 0 0
cpu2 594642 85494 311932 241942 73 0 3913 0 0 0
cpu3 507346 70291 268463 243258 90 0 1113 0 0 0
cpu4 68021 26742 23478 249572 72 0 200 0 0 0
cpu5 25113 16208 10729 263504 56 0 92 0 0 0
cpu6 18635 11285 9502 269092 41 0 48 0 0 0
cpu7 25065 12373 11700 269278 60 0 32 0 0 0
intr 187950342 0 0 0 52112311 0 14362493 3 0 0 1136 0 0 0 0 0 0 0 0 0 0 0 0 0 0 0 0 0 0 0 0 0 0 0 0 0 0 0 0 0 0 1392 128616 2108 3683269 174234 0 0 10381 0 0 0 0 0 0 0 3545 3220198 125 16588820 0 0 0 0 19201 6284496 1276679 35044 511142 507408 0 208104 2720240 0 59534 0 0 0 0 0 0 0 14728 6297 0 0 0 0 0 0 0 0 0 0 0 0 0 0 0 0 0 0 0 0 0 0 0 0 0 0 3575660 0 4343 0 0 0 0 0 1 0 0 0 0 0 0 0 0 0 0 0 0 0 0 0 0 0 0 0 0 0 0 0 0 0 0 0 0 0 0 0 0 0 0 0 0 0 0 0 0 0 0 0 0 0 0 0 0 0 0 0 0 0 0 0 0 0 0 0 0 0 0 0 0 0 0 0 0 0 0 0 0 0 0 0 0 0 0 0 0 0 0 0 0 0 0 0 0 0 0 0 0 0 0 0 0 0 0 0 0 0 0 0 0 0 0 0 0 0 0 0 0 0 0 0 0 0 0 0 0 0 0 0 0 0 0 0 0 0 0 0 0 0 0 0 0 0 0 0 0 0 0 0 0 0 0 0 0 0 0 0 0 0 0 0 0 0 0 0 0 0 0 0 0 0 0 0 0 0 0 0 0 0 0 0 0 0 0 0 0 0 0 0 0 0 0 0 808933 7 0 0 0 0 0 0 0 0 0 0 0 0 0 3 0 0 0 1 0 0 0 0 0 0 0 15 68 0 169 0 662 18159 0 0 0 0 0 0 67 0 0 266 0 0 0 0 0 0 0 0 0 0 0 0 0 0 0 0 0 0 0 0 0 0 0 0 0 0 0 0 7 7 0 0 0 126 126 0 0 0 0 0 0 0 0 0 0 0 0 0 0 0 0 0 0 0 0 0 0 0 0 0 0 2 0 0 0 1 0 0 0 0 0 0 0 0 0 166 0 0 0 0 0 0 0 0 0 0 0 0 0 0 0 0 0 0 0 0 0 0 0 0 0 0 0 0 0 0 0 1028867 0 161
ctxt 280100899
btime 1545217894
processes 73640
procs_running 6
procs_blocked 0
softirq 77089842 105550 22828643 1518 436820 406384 1498 8395403 23862993 0 21051033
