cpu  4587013 1121528 4626435 17061385 63129 575383 405891 0 0 0
cpu0 1414172 243121 1479188 16366070 62691 267625 203769 0 0 0
cpu1 1087082 274259 1082857 83953 155 95687 70612 0 0 0
cpu2 856391 286823 904751 83703 137 72425 64334 0 0 0
cpu3 859520 225252 908114 82816 105 76473 62412 0 0 0
cpu4 112861 26815 78865 111112 9 6294 1208 0 0 0
cpu5 96412 24799 64994 111266 8 2778 1140 0 0 0
cpu6 83884 21380 55686 111287 9 51506 1463 0 0 0
cpu7 76691 19079 51980 111178 15 2595 953 0 0 0
intr 319969499 0 0 0 71138341 0 7710446 8 4 4 0 0 1364 0 0 0 0 681663 0 0 117 0 0 0 0 0 0 221 0 0 0 0 0 4 0 409608 105749 11 11 0 70862 0 0 0 0 0 0 24 2560 0 117550 4517012 1558074 13468491 11 316030 48620 5669312 0 0 152 0 0 0 0 1 0 0 0 0 0 0 0 0 0 0 0 0 0 0 0 0 0 0 0 0 0 0 0 0 0 0 0 0 0 0 0 0 0 0 0 0 0 0 0 0 0 0 0 0 0 0 2 55129 30 329472 489611 269792 0 0 0 0 0 307285 289 0 0 0 0 0 89 321212 0 0 0 0 0 0 0 0 0 0 0 0 0 0 0 0 0 0 0 0 0 0 0 0 0 0 0 0 0 0 0 0 0 0 0 0 0 0 0 0 0 0 0 0 0 0 0 0 0 0 0 0 1 0 1 284 1 15 1 5464 746 18121 3 150305 222291 0 0 449801 0 0 3565900 0 0 0 0 0 0 0 0 0 0 0 0 11202 0 0 0 0 0 0 0 0 0 0 18 0 0 0 0 0 0 0 0 0 0 0 0 0 0 0 0 0 0 0 0 0 0 0 781 0 0 0 0 0 0 0 4163 0 0 0 0 0 0 0 0 0 0 0 0 0 0 0 0 0 0 0 0 0 0 0 0 0 0 0 0 0 0 0 0 0 0 0 0 0 2475 0 0 0 17436 0 0 0 0 0 0 0 0 0 0 0 0 0 0 0 0 0 0 0 0 0 0 0 0 18980 0 0 0 84576 0 0 0 0 0 0 0 0 0 0 0 0 0 0 0 0 0 0 0 0 0 0 0 0 0 0 0 5482770 10698 40 1100044 0 12461 169853 0 0 0 0 86 0 86 0 0 0 0 0 0 0 0 0 0 0 0 0 0 0 0 0 0 0 0 0 0 0 0 0 0 0 0 0 0 0 0 0 0 0 0 0 0 0 0 0 0 0 0 0 0 0 0 0 0 0 0 0 0 0 0 0 0 0 0 0 0 0 0 0 0 0 0 0 0 0 0 0 0 0 0 0 0 0 0 0 0 0 0 0 0 0 0 0 0 0 0 0 0 0 0 0 0 0 0 0 0 0 0 0 0 0 0 0 0 0 0 0 0 0 0 0 0 0 0 0 0 0 0 0 0 0 0 1 0 0 1555 0 680 0 0 0 0 0 0 0 0 0 0 0 0 0 1442 59 59 0 77 44 2839 77 0 0 0 0 0 0 0 0 0 11 1614 11108 244896 0 532 1 2 2 0 0 0 0 0 0 0 0 0 0 0 0 0 0 0 0 0 0 0 0 0 0 0 0 0 0 0 0 0 0 1 1 0 0 0 0 0 0 0 0 0 0 0 0 0 0 0 0 0 0 0 0 0 0 0 0 0 0 0 0 0 0 1 1 0 0 0 0 0 0 0 0 0 0 0 0 0 0 0 0 0 0 0 0 0 0 0 0 0 0 0 0 0 0 0 0 0 0 0 0 0 0 0 0 0 0 0 0 0 0 0 0 0 0 0 0 0 0 0 0 0 0 0 0 0 0 0 0 0 0 0 0 0 0 0 0 0 0 0 0 0 0 0 0 0 0 0 0 0 0 0 0 0 0 0 0 0 0 0 0 0 0 0 0 0 0 0 0 0 0 0 0 0 0 0 0 0 0 0 0 0 0 0 0 0 0 0 0 0 829752 0 95 0 3 325 0 0 0 16 0 0 0 0 318 646122 4 0 13 18 207 46 2119 0 0 0 0 0 0 0 10 0 5 0 0 0 0 0 0 0 0 0 2029 0 0 0 0 0 0 0 0 0 0
ctxt 530395812
btime 1543839747
processes 186412
procs_running 2
procs_blocked 0
softirq 83777592 19731501 21808596 272285 664742 4689432 152425 1333712 19688028 0 15436871
