cpu  4654789 1181467 4680379 18602685 64152 583464 412456 0 0 0
cpu0 1436962 253984 1493580 16527118 62902 270650 205421 0 0 0
cpu1 1103746 288672 1095832 251403 463 97272 71120 0 0 0
cpu2 870720 303286 917630 251723 393 73997 65532 0 0 0
cpu3 872537 242737 920900 248621 328 78372 65615 0 0 0
cpu4 113105 26994 79110 330832 14 6294 1212 0 0 0
cpu5 96632 24983 65192 331058 15 2778 1140 0 0 0
cpu6 84135 21567 55928 331006 16 51506 1463 0 0 0
cpu7 76952 19244 52207 330924 21 2595 953 0 0 0
intr 324521989 0 0 0 72190337 0 7745322 8 4 4 0 0 1366 0 0 0 0 689368 0 0 117 0 0 0 0 0 0 221 0 0 0 0 0 4 0 410064 105865 11 11 0 71437 0 0 0 0 0 0 24 2560 0 118256 4519874 1560243 13829863 11 316030 48620 5692793 0 0 152 0 0 0 0 1 0 0 0 0 0 0 0 0 0 0 0 0 0 0 0 0 0 0 0 0 0 0 0 0 0 0 0 0 0 0 0 0 0 0 0 0 0 0 0 0 0 0 0 0 0 0 2 55828 30 329723 494669 271195 0 0 0 0 0 307416 289 0 0 0 0 0 89 321212 0 0 0 0 0 0 0 0 0 0 0 0 0 0 0 0 0 0 0 0 0 0 0 0 0 0 0 0 0 0 0 0 0 0 0 0 0 0 0 0 0 0 0 0 0 0 0 0 0 0 0 0 1 0 1 284 1 15 1 5464 746 18121 3 150305 222291 0 0 449801 0 0 3607106 0 0 0 0 0 0 0 0 0 0 0 0 11202 0 0 0 0 0 0 0 0 0 0 18 0 0 0 0 0 0 0 0 0 0 0 0 0 0 0 0 0 0 0 0 0 0 0 793 0 0 0 0 0 0 0 4168 0 0 0 0 0 0 0 0 0 0 0 0 0 0 0 0 0 0 0 0 0 0 0 0 0 0 0 0 0 0 0 0 0 0 0 0 0 2480 0 0 0 17436 0 0 0 0 0 0 0 0 0 0 0 0 0 0 0 0 0 0 0 0 0 0 0 0 18980 0 0 0 84639 0 0 0 0 0 0 0 0 0 0 0 0 0 0 0 0 0 0 0 0 0 0 0 0 0 0 0 5538012 10851 40 1103160 0 12487 169853 0 0 0 0 87 0 87 0 0 0 0 0 0 0 0 0 0 0 0 0 0 0 0 0 0 0 0 0 0 0 0 0 0 0 0 0 0 0 0 0 0 0 0 0 0 0 0 0 0 0 0 0 0 0 0 0 0 0 0 0 0 0 0 0 0 0 0 0 0 0 0 0 0 0 0 0 0 0 0 0 0 0 0 0 0 0 0 0 0 0 0 0 0 0 0 0 0 0 0 0 0 0 0 0 0 0 0 0 0 0 0 0 0 0 0 0 0 0 0 0 0 0 0 0 0 0 0 0 0 0 0 0 0 0 0 1 0 0 1555 0 681 0 0 0 0 0 0 0 0 0 0 0 0 0 1446 59 59 0 77 44 2842 77 0 0 0 0 0 0 0 0 0 11 1618 11108 245128 0 532 1 2 2 0 0 0 0 0 0 0 0 0 0 0 0 0 0 0 0 0 0 0 0 0 0 0 0 0 0 0 0 0 0 1 1 0 0 0 0 0 0 0 0 0 0 0 0 0 0 0 0 0 0 0 0 0 0 0 0 0 0 0 0 0 0 1 1 0 0 0 0 0 0 0 0 0 0 0 0 0 0 0 0 0 0 0 0 0 0 0 0 0 0 0 0 0 0 0 0 0 0 0 0 0 0 0 0 0 0 0 0 0 0 0 0 0 0 0 0 0 0 0 0 0 0 0 0 0 0 0 0 0 0 0 0 0 0 0 0 0 0 0 0 0 0 0 0 0 0 0 0 0 0 0 0 0 0 0 0 0 0 0 0 0 0 0 0 0 0 0 0 0 0 0 0 0 0 0 0 0 0 0 0 0 0 0 0 0 0 0 0 0 837240 0 95 0 3 342 0 0 0 16 0 0 0 0 320 651001 4 0 13 18 207 46 2121 0 0 0 0 0 0 0 10 0 5 0 0 0 0 0 0 0 0 0 2032 0 0 0 0 0 0 0 0 0 0
ctxt 536544399
btime 1543839747
processes 186875
procs_running 3
procs_blocked 0
softirq 85170121 20097041 22170236 272946 665124 4706958 152425 1340148 20051148 0 15714095
