cpu  5056171 1262802 5001512 24942195 72418 620270 434966 0 0 0
cpu0 1559050 272086 1574187 17170346 64288 290421 212536 0 0 0
cpu1 1193331 310696 1169316 947008 2566 102521 75106 0 0 0
cpu2 951984 319697 988511 961180 1976 79264 70058 0 0 0
cpu3 955345 257835 994019 951506 1658 84292 71981 0 0 0
cpu4 121402 29988 86368 1223680 595 6294 1504 0 0 0
cpu5 103218 27646 71239 1227314 509 3377 1363 0 0 0
cpu6 89898 23705 61154 1229682 444 51506 1465 0 0 0
cpu7 81943 21149 56718 1231479 382 2595 953 0 0 0
intr 348411643 0 0 0 77588992 0 7989032 8 4 4 0 0 1372 0 0 0 0 721888 0 0 117 0 0 0 0 0 0 222 0 0 0 0 0 14 0 431773 112264 11 11 0 75974 0 0 0 0 0 0 24 2560 0 120403 4790578 1573754 14316669 11 316030 48620 6091560 0 0 152 0 0 0 0 1 0 0 0 0 0 0 0 0 0 0 0 0 0 0 0 0 0 0 0 0 0 0 0 0 0 0 0 0 0 0 0 0 0 0 0 0 0 0 0 0 0 0 0 0 0 0 2 60112 30 340564 513594 276695 0 0 0 0 0 314834 289 0 0 0 0 0 89 327680 0 0 0 0 0 0 0 0 0 0 0 0 0 0 0 0 0 0 0 0 0 0 0 0 0 0 0 0 0 0 0 0 0 0 0 0 0 0 0 0 0 0 0 0 0 0 0 0 0 0 0 0 1 0 1 375 1 15 1 5738 1487 19311 3 159290 252005 0 0 449801 0 0 4124039 0 0 0 0 0 0 0 0 0 0 0 0 11893 0 0 0 0 0 0 0 0 0 0 18 0 0 0 0 0 0 0 0 0 0 0 0 0 0 0 0 0 0 0 0 0 0 0 809 0 0 0 0 0 0 0 4306 0 0 0 0 0 0 0 0 0 0 0 0 0 0 0 0 0 0 0 0 0 0 0 0 0 0 0 0 0 0 0 0 0 0 0 0 0 2640 0 0 0 18537 0 0 0 0 0 0 0 0 0 0 0 0 0 0 0 0 0 0 0 0 0 0 0 0 19266 0 0 0 85072 0 0 0 0 0 0 0 0 0 0 0 0 0 0 0 0 0 0 0 0 0 0 0 0 0 0 0 6241595 11046 40 1116924 0 13319 181043 0 0 0 0 87 0 87 0 0 0 0 0 0 0 0 0 0 0 0 0 0 0 0 0 0 0 0 0 0 0 0 0 0 0 0 0 0 0 0 0 0 0 0 0 0 0 0 0 0 0 0 0 0 0 0 0 0 0 0 0 0 0 0 0 0 0 0 0 0 0 0 0 0 0 0 0 0 0 0 0 0 0 0 0 0 0 0 0 0 0 0 0 0 0 0 0 0 0 0 0 0 0 0 0 0 0 0 0 0 0 0 0 0 0 0 0 0 0 0 0 0 0 0 0 0 0 0 0 0 0 0 0 0 0 0 1 0 0 1558 0 682 0 0 0 0 0 0 0 0 0 0 0 0 0 1485 59 59 0 77 44 2873 77 0 0 0 0 0 0 0 0 0 11 1676 11134 255500 0 532 1 2 2 0 0 0 0 0 0 0 0 0 0 0 0 0 0 0 0 0 0 0 0 0 0 0 0 0 0 0 0 0 0 1 1 0 0 0 0 0 0 0 0 0 0 0 0 0 0 0 0 0 0 0 0 0 0 0 0 0 0 0 0 0 0 1 1 0 0 0 0 0 0 0 0 0 0 0 0 0 0 0 0 0 0 0 0 0 0 0 0 0 0 0 0 0 0 0 0 0 0 0 0 0 0 0 0 0 0 0 0 0 0 0 0 0 0 0 0 0 0 0 0 0 0 0 0 0 0 0 0 0 0 0 0 0 0 0 0 0 0 0 0 0 0 0 0 0 0 0 0 0 0 0 0 0 0 0 0 0 0 0 0 0 0 0 0 0 0 0 0 0 0 0 0 0 0 0 0 0 0 0 0 0 0 0 0 0 0 0 0 0 920357 0 98 0 4 343 0 0 0 17 0 0 0 0 326 656500 4 0 13 20 217 46 2239 0 0 0 0 0 0 0 11 0 6 0 0 0 0 0 0 0 0 0 2050 0 0 0 0 0 0 0 0 0 0
ctxt 571640046
btime 1543839747
processes 193293
procs_running 1
procs_blocked 0
softirq 90532195 20869284 23676114 275688 683372 5058431 152425 1371198 21528740 0 16916943
